    1  4  5 30 33 41 52
    2  9 37 39 41 43 49
    3 10 11 29 30 36 47
    4  1  5  6 27 42 59
    5  1  2  6 16 19 46
    6  7 13 19 22 40 47
    7  3  5 20 21 38 56
    8  4 17 37 38 47 53
    9  8 43 54 55 56 60
   10  4 18 21 25 38 57
   11 15 25 37 38 58 59
   12  4 16 19 20 27 43
   13 18 32 47 50 54 56
   14  2 16 23 27 47 53
   15 12 33 35 51 52 60
   16 20 32 34 49 58 60
   17  6 10 13 19 20 51
   18 23 27 36 37 42 56
   19  5 10 12 24 25 60
   20 11 25 28 30 33 51
   21  6 33 36 46 49 53
   22  1  9 31 38 46 56
   23 17 37 39 51 52 59
   24  1  8 14 28 33 43
   25 24 43 50 54 55 56
   26 10 22 50 53 57 58
   27 13 17 20 33 44 51
   28  3  6 22 24 54 60
   29  3  8 14 43 56 58
   30  7 14 15 29 38 50
   31 17 19 28 45 48 56
   32  5 14 33 36 43 44
   33  5 17 33 39 42 49
   34 13 15 17 40 53 57
   35  4 16 21 23 54 57
   36  3 13 17 25 29 51
   37  6  7 22 38 52 60
   38 10 42 43 45 54 55
   39 12 16 37 45 52 56
   40  3  5  8 12 46 47
   41 12 26 35 38 39 47
   42  7 11 19 24 33 36
   43  2  6 17 25 26 58
   44 14 18 29 38 44 47
   45  7 30 37 44 53 55
   46  1 23 24 32 46 60
   47  3 17 25 35 48 56
   48  2  5 28 34 47 50
   49  7 13 33 35 43 55
   50  6 16 21 44 57 58
   51 17 23 24 25 42 47
   52 15 30 38 46 58 59
   53  3 13 16 38 42 46
   54  5  9 18 21 36 56
   55  2 14 23 29 38 52
   56  2  7 20 35 51 59
   57  7 16 17 27 34 59
   58 12 27 30 37 44 49
   59  2  8 13 28 34 54
   60  3 14 15 20 21 38
   61  8 18 29 42 44 59
   62  6  8 13 24 31 52
   63  9 25 26 40 41 49
   64  8 12 23 50 54 60
   65  1  5 20 25 32 34
   66 12 13 15 26 33 48
   67 12 14 17 27 47 52
   68  1  3 12 13 53 59
   69 25 34 45 53 56 58
   70 17 23 27 40 43 58
   71 16 27 33 43 45 53
   72  1 19 34 43 44 48
   73 25 26 28 45 51 57
   74  2 24 34 37 38 50
   75 21 24 35 36 37 49
   76  8 17 18 23 33 53
   77 21 29 40 49 54 57
   78 12 22 25 31 32 46
   79  2 13 17 25 31 43
   80 23 28 37 40 48 51
   81 10 23 41 47 54 60
   82 15 18 29 36 51 53
   83  4 15 16 24 42 57
   84  4  6 10 25 34 40
   85  6 15 30 37 45 47
   86  6 21 22 34 36 54
   87  4  5 11 28 32 40
   88  4 18 29 37 43 45
   89 13 34 42 44 55 59
   90  9 21 26 40 52 54
   91  2  4 10 35 39 60
   92  1  3  5 23 24 51
   93  2 22 28 31 36 53
   94  8 18 28 51 52 55
   95  6 40 45 46 50 60
   96  4  7 26 40 42 58
   97  5 11 14 35 53 56
   98 13 14 31 33 35 43
   99 11 24 30 33 46 60
  100 14 29 30 46 48 51
  101  1 18 29 31 37 39
  102 19 20 37 42 44 56
  103  1  7  9 49 54 57
  104  1  4 13 21 38 52
  105  3 13 31 43 46 49
  106  5 16 24 35 38 39
  107  2  4 16 24 51 52
  108 21 24 29 34 59 60
  109  1 13 44 48 49 54
  110 18 31 43 52 57 58
  111  4 22 25 32 33 52
  112 12 20 34 37 42 43
  113  7 26 28 34 54 55
  114  6 12 18 37 47 54
  115  4  6 14 20 24 38
  116  5 13 32 36 42 51
  117 20 25 27 33 42 53
  118  9 22 25 37 56 57
  119  1 21 36 38 47 50
  120  3 16 27 40 45 46
  121  2 29 41 44 53 55
  122 11 17 20 39 43 53
  123 13 14 16 26 32 42
  124  5 15 34 41 52 57
  125 25 41 47 53 56 59
  126  6 10 11 28 32 40
  127 21 29 50 51 54 59
  128  3  9 18 21 23 43
  129  1  9 10 32 46 54
  130 13 29 38 42 49 53
  131  4  9 17 27 30 44
  132  7  9 35 41 44 50
  133  5  6 19 34 39 57
  134  4 25 32 36 52 60
  135 21 22 35 40 53 59
  136  1 17 25 38 45 59
  137 15 16 19 22 26 49
  138  5 14 27 37 40 41
  139  3 13 26 27 41 42
  140  7 31 41 44 46 55
  141 10 13 22 41 42 58
  142  8 15 19 20 54 59
  143  6 18 20 40 50 53
  144  8 32 36 44 45 55
  145 15 16 31 41 43 51
  146 25 32 34 42 51 60
  147  6 16 23 24 28 38
  148 32 35 41 55 58 59
  149  7 11 20 28 45 48
  150 12 44 50 52 54 55
  151  3 16 20 43 52 56
  152  5 12 15 29 51 58
  153  2 30 31 42 45 47
  154  8 10 24 33 45 48
  155 12 30 32 35 43 44
  156 17 23 42 49 52 55
  157  4 13 17 21 41 44
  158  4 14 17 43 51 58
  159  9 11 16 35 50 58
  160  2 13 42 52 54 58
  161  6 25 30 37 39 41
  162 21 23 33 38 48 51
  163  8 27 36 41 53 56
  164  4 10 14 19 28 44
  165 10 19 23 35 39 56
  166 12 13 22 57 59 60
  167  1 11 28 33 38 48
  168  2  9 31 35 45 50
  169  1 13 21 37 51 52
  170  7 41 46 51 55 58
  171  4 27 40 43 46 54
  172 10 14 26 35 36 49
  173 17 28 29 42 49 50
  174 11 22 23 36 52 59
  175  1 10 13 20 42 50
  176  1  3  4 28 45 53
  177 22 35 38 39 41 59
  178  5 15 19 26 27 33
  179  5  6 23 26 27 53
  180  6 23 29 39 51 60
  181  1 27 33 35 51 55
  182  3  5 10 28 46 60
  183  2  7 11 16 40 44
  184  9 16 21 34 41 60
  185 17 22 43 46 55 59
  186 14 23 24 25 26 51
  187  6 36 41 44 48 58
  188 17 27 34 42 43 46
  189  4 15 31 38 41 53
  190  5 10 21 32 40 42
  191  1  3  5 23 41 58
  192  1 26 28 41 54 60
  193  4 11 12 19 43 49
  194 25 28 32 33 42 43
  195  3  9 17 32 37 44
  196  7  9 14 17 24 32
  197  5 12 15 19 29 52
  198  1  8 18 23 35 40
  199 10 16 37 50 52 57
  200 12 15 19 34 44 51
  201  5 20 22 30 35 55
  202 12 24 44 45 49 53
  203 11 19 29 44 47 55
  204 29 31 39 41 51 58
  205 26 32 40 43 46 54
  206 18 20 26 34 51 56
  207  3  7 19 24 53 55
  208 15 23 24 25 47 57
  209 13 21 26 32 41 52
  210 20 32 37 38 48 58
  211 10 20 33 40 45 50
  212  6 15 29 45 57 59
  213  3  9 23 30 32 35
  214  6 12 30 31 35 50
  215  7 28 37 46 53 58
  216 14 18 30 35 42 59
  217  3 27 32 45 49 51
  218 12 17 40 42 47 54
  219 23 26 28 36 42 49
  220 13 14 36 53 55 60
  221 13 27 43 50 54 58
  222  5 19 30 48 52 55
  223  2  6 22 24 28 58
  224  7 16 18 20 21 44
  225  2  4 16 21 37 58
  226  1  2 38 49 50 59
  227 11 26 27 37 42 48
  228 13 16 40 43 45 59
  229 11 13 21 33 39 45
  230  8 40 41 44 53 56
  231 16 27 36 42 44 59
  232 19 22 29 37 41 59
  233  3  7 24 32 36 45
  234 15 25 41 42 45 54
  235  2 22 29 31 41 55
  236 10 25 50 52 57 60
  237  7 31 36 45 56 57
  238  9 13 15 37 41 42
  239  6 21 33 44 46 47
  240 25 28 38 41 57 59
  241 11 31 35 40 56 57
  242  4  7 21 22 28 56
  243 11 16 20 23 32 47
  244 19 24 33 47 50 60
  245  8 27 44 51 53 60
  246  2 16 32 37 43 57
  247  3 10 23 30 34 46
  248 16 32 34 35 41 56
  249 21 36 40 49 54 55
  250  7 25 41 42 43 55
  251 15 23 30 34 49 55
  252  4 17 26 32 51 54
  253 11 12 24 37 44 56
  254  1  4 21 22 30 56
  255 16 19 20 32 44 55
  256  2 21 26 32 34 52
  257  1  4  5 19 28 34
  258  7 12 50 54 55 60
  259 13 15 20 33 43 58
  260  4  6 33 43 59 60
  261  5 16 20 30 54 56
  262 11 20 48 53 58 60
  263  8  9 26 43 50 53
  264  1  5 13 25 31 33
  265  7 16 34 41 50 53
  266  2 23 38 46 48 54
  267  1  8 45 46 55 58
  268  5  6 10 21 33 47
  269 17 18 19 25 49 52
  270  5  9 27 35 40 45
  271 14 24 26 29 31 54
  272  9 10 24 36 56 58
  273 10 17 23 27 47 52
  274 11 13 18 26 39 47
  275 16 19 30 37 38 48
  276 22 39 45 53 57 59
  277  4 26 38 40 52 56
  278 10 15 18 22 31 55
  279  4 23 31 47 58 59
  280  5 16 20 25 30 58
  281  5 11 31 38 47 53
  282  9 14 23 24 33 36
  283 25 28 34 42 48 54
  284  7  8 14 30 32 36
  285 12 32 37 41 50 56
  286 29 35 37 44 47 56
  287  3 13 25 33 47 60
  288  6  9 11 17 18 50
  289  6  7 20 25 30 36
  290  7 25 26 30 40 57
  291  5 16 17 18 22 41
  292 13 23 24 34 45 53
  293  5  6  7 12 28 35
  294 22 25 28 41 45 57
  295  7 12 24 31 44 50
  296  3 20 42 46 51 52
  297  1 20 28 33 36 41
  298  5 22 23 24 34 60
  299  2  5  7 33 49 53
  300 24 27 28 38 41 57
  301  9 26 48 49 57 58
  302 12 25 30 40 41 60
  303  7 13 17 30 37 47
  304  7 11 34 41 42 59
  305  5 11 27 38 53 60
  306 19 30 41 47 56 57
  307 13 16 17 26 41 44
  308  4 11 25 29 39 55
  309  4 11 25 39 50 55
  310  2 14 28 29 31 32
  311 22 24 30 32 38 41
  312 14 23 30 41 47 50
  313 14 16 24 37 38 53
  314  5 32 34 37 40 58
  315 12 21 22 28 43 50
  316  6 24 28 43 51 56
  317 16 20 27 30 35 48
  318  3 19 20 31 40 53
  319 12 16 17 19 23 48
  320 20 22 27 47 50 53
  321  4 11 31 32 48 49
  322 11 18 29 44 47 56
  323 26 31 33 40 49 54
  324  8 15 22 25 30 47
  325  1  3  4 21 23 53
  326 21 23 40 44 51 52
  327 29 32 33 38 46 48
  328  5  7 14 21 23 51
  329 10 11 12 24 35 40
  330  2  4 14 23 37 51
  331  1 13 20 27 35 37
  332 23 28 29 34 42 44
  333  4 27 35 44 52 53
  334 14 23 24 26 41 51
  335  7 23 33 43 57 59
  336  2 18 22 26 30 54
  337  4 14 16 31 52 54
  338  1  4  9 36 46 48
  339  5 12 13 16 27 50
  340  9 10 12 33 42 60
  341  5 16 22 23 43 56
  342 16 29 34 49 51 54
  343  4  6  7 12 24 41
  344 10 12 14 33 35 36
  345 11 22 46 51 56 58
  346  7 12 41 46 56 60
  347  1 10 12 26 48 52
  348 19 30 33 39 40 52
  349  8  9 28 32 38 54
  350 10 15 23 30 43 57
  351 15 16 24 41 59 60
  352  7 20 25 44 47 49
  353 19 23 30 46 55 60
  354  7 16 38 40 41 52
  355  2 14 22 23 37 60
  356  5 19 21 54 56 58
  357  2 30 32 35 45 53
  358 12 17 21 32 40 42
  359 13 19 20 29 31 54
  360 23 24 29 47 53 55
  361 16 28 31 41 45 59
  362  7 20 33 37 46 56
  363 19 29 39 47 49 54
  364  5 29 44 51 57 59
  365 19 23 34 37 52 58
  366  4  6  7 15 21 51
  367 10 12 27 33 49 52
  368 13 29 32 38 44 50
  369  1 14 21 35 42 60
  370  1  4 40 42 51 54
  371  4 18 23 33 39 60
  372 16 17 24 39 46 57
  373  1  5 10 24 31 33
  374  2  5 16 26 44 54
  375  1  5  9 42 51 58
  376 10 13 25 35 43 48
  377  3 12 19 27 45 46
  378  5 38 41 45 48 55
  379 24 33 40 41 55 59
  380 13 22 30 31 47 57
  381  9 10 28 46 55 56
  382 31 34 37 38 53 54
  383 14 22 48 50 53 56
  384 24 28 40 47 50 52
  385  5 12 16 18 22 24
  386 17 35 36 39 43 54
  387 22 28 29 43 47 48
  388 23 36 48 52 53 58
  389  5 14 18 43 46 54
  390  7 12 22 34 38 53
  391  4  7 15 16 35 40
  392 15 23 31 39 47 49
  393  6 12 35 36 40 50
  394  5 15 35 42 45 49
  395 10 11 14 20 31 58
  396  6 18 34 42 45 47
  397  1  2  5 24 32 46
  398  7 16 22 28 36 37
  399 11 16 27 47 55 59
  400 10 13 28 29 54 59
  401 11 18 43 44 50 53
  402  5 16 27 43 56 58
  403  7 16 27 31 46 60
  404  1 24 28 38 40 58
  405 24 29 34 47 57 60
  406  2 12 32 38 47 48
  407  2 18 22 49 51 57
  408 14 28 33 44 49 56
  409 18 25 26 31 34 49
  410  8 24 31 36 38 55
  411 10 12 31 38 45 56
  412  5 12 14 21 45 59
  413  2  4 29 33 35 53
  414 16 26 35 45 52 58
  415  1  4 27 38 42 44
  416  1 13 23 33 54 56
  417  7 12 21 25 34 42
  418  8 15 32 45 49 52
  419  9 16 41 42 52 53
  420 12 29 30 43 57 59
  421  5 35 37 38 45 51
  422 12 37 43 55 56 60
  423  8 22 32 33 40 53
  424 18 27 29 36 46 59
  425  6 10 16 34 42 47
  426  7 30 32 37 50 54
  427  3 13 14 24 43 51
  428  8 28 30 32 46 60
  429 17 26 32 36 43 55
  430  8 10 21 25 38 50
  431 26 37 40 47 52 58
  432  4 13 17 27 39 50
  433 16 17 28 30 36 54
  434  4 10 17 24 30 54
  435 10 11 17 31 37 43
  436  1  6  7 29 48 57
  437  7 10 30 44 54 59
  438  3  5 11 14 38 48
  439 13 20 29 42 43 57
  440  3  5 23 30 46 47
  441  2 10 15 21 58 59
  442  6 15 23 31 37 59
  443 11 17 26 36 48 52
  444  3 24 33 48 52 57
  445  7 20 31 32 50 53
  446  8 11 12 17 20 47
  447 15 24 25 33 42 55
  448  3  5  9 45 51 52
  449  1  8 24 34 49 56
  450  1  9 13 50 51 59
  451 17 18 23 28 31 53
  452 11 16 30 36 51 54
  453  8 20 23 34 52 58
  454  4 17 24 42 46 56
  455  2 14 15 17 50 59
  456  3 17 22 27 33 40
  457 15 17 24 27 32 48
  458 13 24 32 34 43 53
  459  8 15 17 39 43 49
  460 19 23 30 37 49 55
  461 15 17 20 29 30 60
  462 17 19 22 26 27 48
  463  2  3  7 18 45 53
  464  6 24 33 38 45 50
  465  1 22 31 46 51 57
  466 11 16 28 29 30 45
  467  8 18 21 22 38 60
  468  5  6 23 25 39 51
  469 13 21 26 29 42 47
  470  8 11 23 37 51 58
  471  5 31 32 36 51 59
  472  3  4 12 29 38 51
  473  7 23 41 49 51 58
  474  3 12 32 34 40 50
  475  6  8 19 22 43 52
  476 17 20 38 43 55 58
  477  6  8 18 34 38 47
  478  3  8 21 25 30 31
  479 20 26 41 46 54 58
  480 14 33 36 38 41 49
  481  6 13 22 24 42 44
  482 12 13 33 53 54 56
  483 16 18 23 35 44 59
  484 17 18 19 38 49 53
  485 19 28 30 38 52 57
  486  8 14 19 30 42 50
  487  8 22 25 48 52 54
  488 15 30 35 39 43 57
  489 17 28 33 36 53 59
  490  5 11 23 29 54 58
  491  1  9 15 22 43 55
  492  2  6 15 18 56 57
  493  3 18 20 24 42 54
  494 18 20 28 32 49 53
  495  8 15 29 36 49 60
  496 10 19 20 29 41 59
  497  9 13 20 32 41 58
  498  2  6 28 49 50 57
  499  1  4  5 11 44 59
  500 21 29 35 36 38 54
  501 16 27 28 34 39 56
  502  7 13 21 24 33 50
  503  7 10 21 27 48 49
  504  8 11 19 30 39 50
  505  3 20 28 46 47 52
  506  4 15 31 34 37 38
  507  3  5 27 33 44 58
  508  5 10 15 45 46 56
  509 28 32 33 34 35 55
  510  1  4 30 41 45 58
  511  3  4  8 34 36 37
  512  4  8 31 40 53 58
  513 10 19 27 33 39 46
  514 15 36 40 42 51 52
  515 15 16 39 45 48 57
  516  5 13 24 33 34 35
  517  7  8 28 32 38 51
  518  5  8 10 15 18 44
  519  9 15 19 22 36 42
  520  9 12 17 32 34 35
  521 15 25 28 32 38 45
  522  6 14 15 25 49 52
  523 28 39 40 44 45 58
  524 19 29 34 41 47 48
  525  8 10 24 26 32 49
  526  3 21 31 36 55 59
  527  6 14 17 26 50 52
  528  8 12 28 31 34 37
  529  1 13 33 38 45 56
  530  1  6 21 25 32 49
  531  1  3  7 18 35 50
  532  4  9 12 13 52 53
  533 13 18 21 27 53 59
  534  3  8 23 31 48 57
  535  6 14 28 47 49 56
  536 14 15 22 23 25 37
  537  3  7 19 34 37 39
  538  3 25 43 45 52 56
  539  6 16 19 47 50 55
  540  4 22 28 30 44 49
  541 13 27 49 52 57 58
  542  4  6 19 28 35 49
  543 35 37 42 46 49 54
  544 11 17 33 34 47 56
  545 17 29 35 40 43 57
  546  4  5 13 17 46 54
  547  4 13 28 30 53 59
  548 14 47 49 51 58 59
  549  8 13 22 46 51 58
  550 16 17 38 39 45 56
  551 12 21 46 48 56 57
  552  9 22 47 49 52 54
  553  4 43 46 53 54 58
  554 15 29 31 42 47 60
  555  5 23 31 33 45 49
  556  8 10 17 30 33 45
  557  8 12 18 23 38 49
  558  7 14 31 57 58 59
  559  6 13 17 25 36 53
  560  2 11 18 30 32 58
  561  1 20 36 39 49 55
  562 16 23 35 37 55 57
  563  5  8 23 34 44 51
  564 10 13 20 32 38 49
  565  7 31 34 35 37 45
  566  6 13 17 18 20 37
  567 11 31 38 41 57 58
  568 13 17 22 25 29 41
  569  3  9 14 15 32 57
  570 15 32 33 35 36 51
  571 12 13 14 31 50 51
  572  3  9 16 20 33 60
  573  6 17 22 29 40 59
  574  2 10 17 23 32 44
  575  5 18 21 29 35 48
  576  7  8 18 39 43 52
  577  8 23 24 28 31 47
  578  3 18 23 48 56 58
  579  4  9 15 17 34 39
  580 15 16 18 28 38 47
  581 14 17 25 30 39 52
  582 13 29 40 45 51 59
  583  6  7 20 41 43 55
  584  7  8 23 30 32 53
  585 12 24 33 36 39 57
  586 11 13 38 39 45 54
  587  2 18 29 30 36 60
  588 11 13 45 46 53 55
  589  6  7  8 13 33 59
  590  4  5 18 25 28 51
  591  1  3 18 34 50 58
  592 13 14 42 47 55 59
  593  1 25 27 29 49 59
  594 10 13 29 47 53 55
  595  1  2 25 43 50 54
  596 11 14 28 43 54 60
  597 22 27 29 40 42 56
  598  5 16 34 38 50 53
  599  4  6  9 23 45 51
  600 16 18 31 34 39 54
  601 10 19 22 29 30 37
  602  7 13 38 46 55 60
  603  4  8 11 12 29 44
  604 15 25 41 46 49 51
  605  4 24 44 49 52 53
  606  6 23 32 35 41 55
  607  6 11 19 27 41 59
  608  6 13 19 24 30 37
  609  2  6 15 58 59 60
  610 25 30 43 45 47 49
  611 16 21 22 33 48 49
  612 15 18 33 50 53 55
  613  6 13 19 44 54 55
  614 12 16 31 48 57 60
  615  5  8 10 27 31 51
  616  2 12 16 24 26 54
  617  3  5 25 33 36 49
  618  3  8 10 13 24 60
  619  8 12 14 16 19 46
  620  1  3 13 22 29 32
  621 26 29 31 49 50 57
  622 19 27 29 38 50 59
  623  9 23 30 42 49 55
  624  8 23 34 39 43 52
  625 12 24 32 40 42 59
  626  7  8 18 22 39 49
  627  1 13 19 45 56 58
  628  8 16 22 30 56 58
  629 15 16 39 40 47 51
  630 12 16 20 45 53 60
  631  1 20 28 32 44 47
  632  2 19 28 48 51 54
  633  5 11 22 27 46 50
  634 10 13 24 41 42 56
  635  8 20 26 37 42 49
  636 26 28 30 32 34 50
  637 11 18 43 48 52 58
  638 10 11 36 41 42 50
  639 13 35 39 45 51 60
  640 12 19 42 46 59 60
  641  1  9 13 17 33 34
  642 17 36 40 44 51 56
  643 14 24 37 40 42 45
  644 14 27 29 31 34 57
  645  3 24 48 52 53 54
  646 10 13 32 47 49 60
  647 11 12 14 19 54 56
  648  5 23 29 42 45 48
  649  9 24 33 41 48 54
  650 10 24 25 29 53 59
  651 26 28 39 45 48 60
  652 10 18 20 24 56 57
  653  5  9 19 24 31 34
  654  6 10 11 40 41 56
  655  1 26 37 39 43 48
  656 35 36 37 46 51 59
  657 16 20 33 58 59 60
  658  3  6 11 20 36 41
  659 14 29 34 40 51 52
  660  5 11 38 46 53 54
  661  4 27 36 40 42 55
  662  4 18 23 25 56 60
  663  1 27 30 49 51 55
  664  1 12 36 38 55 59
  665  7  8 18 25 47 48
  666  7 16 26 29 45 55
  667  1  4  5 16 23 49
  668  1  2 14 33 49 56
  669  7 24 27 40 41 49
  670 22 37 42 48 58 59
  671  9 16 27 38 39 51
  672 24 28 34 38 43 53
  673  6 11 20 34 37 40
  674 18 22 29 32 38 42
  675 24 25 30 42 43 50
  676  9 15 32 41 42 49
  677  8 10 25 32 48 55
  678 14 31 40 42 44 46
  679  3 21 25 37 54 58
  680  2  3  5 22 26 44
  681 21 25 38 53 58 59
  682  4 27 36 37 47 60
  683  2 11 12 35 40 43
  684 17 19 33 37 40 50
  685  5 12 27 33 43 56
  686  4  5 15 26 33 54
  687  1  7 14 41 48 59
  688 11 21 30 35 47 52
  689  6  7 31 49 51 60
  690  8 12 15 41 47 53
  691  8 16 37 50 55 58
  692 11 18 33 57 58 60
  693 13 14 17 31 41 50
  694 15 19 29 37 41 53
  695  6 11 13 21 40 52
  696  9 16 34 37 53 57
  697 28 31 32 35 51 53
  698  8 12 22 27 43 55
  699 17 23 48 50 53 54
  700  2  3 14 24 31 40
  701  1 13 23 31 48 60
  702  1 18 45 56 57 58
  703  2 11 24 27 30 45
  704  2  4 18 27 34 50
  705  3 11 13 15 26 43
  706  2  7 10 17 22 60
  707  1  8 10 36 43 51
  708  7  9 13 39 45 47
  709  4  6  9 22 29 44
  710  5 25 34 39 46 49
  711  5 10 33 40 41 59
  712  7  8 35 43 53 58
  713  1 12 16 26 46 54
  714  7  8 17 35 39 53
  715  4 12 24 33 36 54
  716  2  7 16 29 32 50
  717  6 17 23 28 35 41
  718  7 21 33 35 39 58
  719  3 32 37 39 47 53
  720 12 31 44 51 54 56
  721  3 14 23 25 36 55
  722  9 18 36 44 57 60
  723  1  6 16 36 50 52
  724 17 27 34 48 51 55
  725  3  9 35 37 41 49
  726  1  5  7 37 40 47
  727  4 12 14 30 42 59
  728  8 13 24 32 42 44
  729  5 18 33 43 56 57
  730  2 15 16 45 50 54
  731  6 15 16 23 28 35
  732  6 17 19 49 50 53
  733  2 12 26 31 43 46
  734 27 29 43 44 45 54
  735  9 15 38 40 42 52
  736  1 21 38 41 49 56
  737 11 12 24 32 33 38
  738 14 15 26 30 42 54
  739  6 10 35 45 49 56
  740 12 16 28 29 47 50
  741 24 26 27 36 39 59
  742  2  7 17 34 41 50
  743 20 23 25 32 54 60
  744  4 12 23 26 39 46
  745  2 16 21 37 43 57
  746  1 10 12 25 49 57
  747  2  3 12 21 23 56
  748  1  2  7 19 35 51
  749  4 24 47 48 50 57
  750 10 17 33 42 54 58
  751  4  7 20 25 38 50
  752  4 23 24 25 29 42
  753  2  7 22 35 43 59
  754  3  4 13 34 42 50
  755  4 12 30 47 49 59
  756  5 27 37 38 41 50
  757 12 17 18 30 32 58
  758  1 23 36 43 47 59
  759 30 31 39 45 48 59
  760 12 17 44 45 46 60
  761 13 17 27 29 40 56
  762  9 12 21 37 39 54
  763  1  9 26 40 47 48
  764  3  7 45 47 53 55
  765  3 10 16 30 37 50
  766  1 19 24 42 50 58
  767 15 22 32 38 50 54
  768  4  8 30 33 37 59
  769 12 16 20 21 29 50
  770  4 12 25 34 35 48
  771 14 21 29 34 46 47
  772 10 35 38 51 52 60
  773  3  5 14 29 34 51
  774  5 10 37 46 54 58
  775 12 27 42 46 47 50
  776  3 15 35 41 57 60
  777  2 14 23 28 50 56
  778 20 31 36 37 45 51
  779 25 26 29 36 52 54
  780  7 10 28 50 51 59
  781  8 10 13 39 54 56
  782  2 11 23 35 42 59
  783  4  8 21 32 43 48
  784  8 27 37 42 53 56
  785  5  8 17 35 37 48
  786 10 11 26 27 31 41
  787 20 31 34 37 54 60
  788 17 19 29 31 44 57
  789  6 31 38 39 50 60
  790  2  6 19 22 28 43
  791  9 14 19 35 42 58
  792  9 29 34 43 45 56
  793  3 15 16 33 51 57
  794  3 38 42 47 55 56
  795 14 21 26 29 36 48
  796  5 19 24 34 39 43
  797  6 12 47 48 52 58
  798  3  4  9 29 32 52
  799 19 29 35 42 55 57
  800  1  7 11 37 38 56
  801 11 19 20 22 42 48
  802  6 14 18 24 48 60
  803  3  5 10 21 28 57
  804  3 13 37 47 56 59
  805  2 30 36 43 48 60
  806 18 26 35 41 47 60
  807  2  8 27 32 49 56
  808  2 15 21 31 46 57
  809  5 11 15 23 25 30
  810  1  4  5 33 37 48
  811 10 28 32 41 47 57
  812 11 13 38 39 54 57
  813  9 15 23 45 46 56
  814  2  8 11 41 46 50
  815  9 19 37 39 50 57
  816 20 21 30 40 47 52
  817 10 29 30 34 43 52
  818  8  9 22 25 41 44
  819  5 19 25 46 51 58
  820 10 17 21 32 45 46
  821  4 29 33 36 38 42
  822  4 10 17 27 41 52
  823  1 15 26 51 54 59
  824  6  7  9 20 33 48
  825 10 21 28 40 41 47
  826  6  7  8 27 45 53
  827 18 24 30 42 51 56
  828 23 28 38 42 50 53
  829 10 14 32 47 50 56
  830  2 13 41 49 51 53
  831  3 32 33 42 48 50
  832 15 17 23 33 39 49
  833 13 16 46 53 57 58
  834 10 16 17 34 44 51
  835 18 31 33 49 57 58
  836 17 22 28 38 52 59
  837  5  6 16 24 34 60
  838  9 23 30 38 44 47
  839  7  8 11 18 37 43
  840 17 29 31 35 43 59
  841  7 22 32 36 38 51
  842  7  9 30 44 51 60
  843  1 16 34 36 45 48
  844 16 24 34 44 54 57
  845 14 19 20 40 48 52
  846  2  3 44 47 50 54
  847 14 15 27 42 44 48
  848 17 27 32 34 47 56
  849  8  9 39 44 49 58
  850  7 22 25 44 59 60
  851  3 16 19 32 35 58
  852  6 14 23 34 38 44
  853 30 38 46 51 56 59
  854  3 17 24 25 27 44
  855  3 24 31 42 43 53
  856 11 15 40 41 42 47
  857  2  3 17 49 50 59
  858  4 18 23 31 37 54
  859  9 12 34 46 47 57
  860  2  8 17 22 42 44
  861 39 40 42 47 59 60
  862  2  8 11 12 19 35
  863 15 24 32 50 53 57
  864  8 11 31 33 42 57
  865 23 26 27 41 51 53
  866  5 27 36 40 46 48
  867 10 19 26 28 44 54
  868 21 22 25 40 51 57
  869 27 29 42 49 50 51
  870  8 21 34 40 43 52
  871  1  5 10 17 47 58
  872  5 18 31 43 55 58
  873  4 19 30 34 57 59
  874 10 20 42 44 52 59
  875 18 20 24 36 53 58
  876  4  8 12 41 45 60
  877 13 15 20 28 31 36
  878 11 12 37 38 43 54
  879 10 28 29 35 42 46
  880 25 30 37 46 49 51
  881  4 18 24 43 51 56
  882 17 41 42 44 45 60
  883 21 32 37 52 53 60
  884  2 11 12 14 22 39
  885  4 13 31 33 47 51
  886 17 33 37 50 55 59
  887  1 12 21 32 34 44
  888 24 40 50 52 54 60
  889 20 24 34 39 54 60
  890  7  9 17 21 22 54
  891 15 16 19 22 34 35
  892  1 19 42 44 49 52
  893  3 18 26 51 53 56
  894 20 24 28 37 41 44
  895  2 41 43 55 57 58
  896  5 11 22 31 35 41
  897  7 21 22 43 46 57
  898  3  4  8 30 45 54
  899 18 20 36 53 54 58
  900  4 18 21 34 38 59
  901 13 16 32 33 34 56
  902 18 23 50 52 55 58
  903  5 17 20 32 41 55
  904 32 44 48 51 53 59
  905  2  4 15 16 55 57
  906  7 14 24 29 35 39
  907  9 36 37 41 51 53
  908  1  9 19 25 50 52
  909 17 22 26 28 38 42
  910  3 15 27 29 36 53
  911  1  6 28 29 46 49
  912  4 19 21 26 29 54
  913 14 30 36 38 46 59
  914  9 12 23 33 45 51
  915 17 20 26 28 48 49
  916  5 28 33 36 37 38
  917 23 25 30 46 47 59
  918  4  8 12 38 44 52
  919  3 25 31 41 43 60
  920  5 17 24 52 55 57
  921  1  9 35 41 48 57
  922 12 13 19 41 45 49
  923  2 15 39 50 53 57
  924  2 20 21 27 51 60
  925  8 22 36 37 46 52
  926 21 33 34 40 41 59
  927 19 23 26 31 33 36
  928  4 10 32 33 49 60
  929 16 27 35 39 49 57
  930 20 28 37 46 49 55
  931  7 17 19 34 36 39
  932  2 17 21 36 42 53
  933  8 14 25 39 45 51
  934  1  3 21 25 44 48
  935  7 13 18 29 31 45
  936  5 14 22 29 33 44
  937  2 21 22 30 41 52
  938 15 27 35 50 57 59
  939  6 19 23 37 49 50
  940  5 25 31 33 37 51
  941 10 11 15 27 53 60
  942  5  8 18 42 52 59
  943  3 12 23 41 47 58
  944 16 37 43 52 58 59
  945  4  8 27 44 54 59
  946  1  5 12 47 52 59
  947  3  5 11 14 33 58
  948 22 41 44 46 52 54
  949  1 23 41 44 51 52
  950 23 41 42 48 49 59
  951 14 24 34 39 49 55
  952  2 11 18 27 30 54
  953  1 16 39 42 48 55
  954  5  8 18 24 33 57
  955  5 12 21 32 33 35
  956 46 47 51 54 57 59
  957 24 25 32 34 50 57
  958  7 13 22 33 48 51
  959  3  5 11 33 39 57
  960  6 18 19 33 34 53
  961  2  4 16 21 36 53
  962  2 11 40 48 49 55
  963 15 17 37 48 50 59
  964  8 13 20 26 33 42
  965  5 30 36 39 57 58
  966  1  4 26 28 41 58
  967  5 13 14 18 30 57
  968  1  4 13 30 51 60
  969 13 25 35 41 50 56
  970  5 21 28 34 54 57
  971  4 11 14 33 44 45
  972 15 18 31 33 34 56
  973  1  8 30 36 47 53
  974 12 16 20 31 38 45
  975  9 30 33 37 40 41
  976 14 23 25 28 38 53
  977  3  5  7  9 17 32
  978 12 16 18 27 42 58
  979  3 15 28 31 39 51
  980 15 17 29 35 36 59
  981  1  8 34 41 53 58
  982  8 12 24 40 43 49
  983 16 22 32 38 40 45
  984  4 10 20 43 46 47
  985  4 16 18 46 56 59
  986  6 15 19 24 31 32
  987 13 27 31 34 47 58
  988  8 17 46 48 56 60
  989  2 21 27 29 32 38
  990  2 10 15 18 29 39
  991  8  9 15 38 41 60
  992  1  4  6  8 25 28
  993  5 24 25 26 42 60
  994  3 20 29 40 44 58
  995  4 16 31 36 54 55
  996  7 15 20 21 23 29
  997  9 17 18 32 53 55
  998  3  4 21 22 28 32
  999 18 24 36 44 55 58
 1000 29 38 39 49 53 58
 1001 12 15 27 37 51 60
 1002  3  7 25 31 40 58
 1003  5 10 16 23 26 27
 1004 29 40 43 44 45 47
 1005  4  6 12 37 41 42
 1006  2  4 17 33 48 55
 1007  4 27 36 37 49 52
 1008  7 13 15 34 42 48
 1009  1  6 12 29 34 58
 1010  2  3 13 37 46 54
 1011  2 11 21 30 35 52
 1012 14 19 40 47 55 58
 1013  7  9 12 19 20 41
 1014  8  9 25 41 57 60
 1015  3  8 17 26 28 49
 1016  5  9 11 20 25 60
 1017  6 19 31 34 51 56
 1018  9 24 44 51 55 58
 1019  4 13 23 29 46 47
 1020  1  2 19 32 39 52
 1021  2 33 42 43 51 55
 1022  5 21 31 39 40 56
 1023  2  7  8 18 40 45
 1024 18 22 28 29 39 53
 1025 10 27 28 29 40 52
 1026  6 10 17 33 51 53
 1027 18 20 33 44 47 60
 1028 20 26 34 51 52 54
 1029  5 16 17 20 24 32
 1030  1  8 23 37 54 57
 1031 24 33 40 43 46 49
 1032 15 16 26 29 43 57
 1033  5  6 17 33 39 54
 1034  1  3 18 20 42 49
 1035  1 11 26 51 59 60
 1036 10 27 36 39 41 52
 1037  4 36 44 46 53 56
 1038  6  7 28 35 43 51
 1039  2 20 24 27 36 52
 1040  1  6 28 39 44 55
 1041 10 12 36 44 54 57
 1042 13 18 25 30 46 51
 1043 14 21 25 48 51 60
 1044 10 11 13 35 39 58
 1045  1  5  6 17 31 50
 1046 28 40 42 54 55 57
 1047  1  2  8 10 14 48
 1048  3 16 21 28 38 57
 1049  2  5 17 29 34 52
 1050 14 24 26 33 45 60
 1051  7 10 11 13 43 57
 1052  8 11 15 16 52 57
 1053 15 27 34 42 49 53
 1054 13 14 18 27 41 60
 1055 12 15 16 20 27 32
 1056  6  8 38 50 53 59
 1057  2  3  4 15 49 59
 1058 18 20 24 45 51 57
 1059  1 12 14 16 37 45
 1060  1  3 16 18 41 42
 1061  9 21 23 30 41 56
 1062  2  8 23 33 37 55
 1063  1 22 44 47 49 50
 1064  4 16 19 28 29 49
 1065  7 19 30 39 43 57
 1066  6 10 25 32 43 49
 1067  4 10 14 25 28 56
 1068 25 27 44 47 48 57
 1069  9 17 28 45 49 53
 1070  5  8 16 23 41 53
 1071  5  7 37 43 53 54
 1072  9 18 19 43 47 54
 1073  8 25 32 34 36 44
 1074  3 10 23 29 47 50
 1075 10 12 16 21 39 53
 1076  4 10 19 32 33 42
 1077  5  6  9 11 18 37
 1078  3  6 34 41 43 45
 1079  5 12 24 28 36 37
 1080 11 18 20 34 41 56
 1081  9 16 24 29 52 56
 1082  4 17 38 40 50 55
 1083 10 20 23 28 42 43
 1084  5 20 29 33 40 59
 1085 12 21 39 40 50 55
 1086  2  4  6 10 23 45
 1087  3 20 28 32 36 46
 1088  6 24 31 35 42 57
 1089  2 18 20 32 37 48
 1090  9 20 24 36 40 42
 1091 17 23 24 27 49 56
 1092  1  9 30 33 34 40
 1093 19 23 27 38 41 49
 1094  9 10 21 36 41 48
 1095 10 16 21 23 27 36
 1096  3 13 14 16 41 52
 1097  1 17 21 33 48 56
 1098 11 20 21 30 50 52
 1099 14 31 35 38 44 55
 1100  7 17 18 33 41 42
 1101  6  7 10 12 24 57
 1102  9 11 23 35 46 51
 1103 10 19 28 41 55 56
 1104  2  3  6 35 49 58
 1105  1 15 28 43 50 57
 1106  4 15 43 47 50 60
 1107  3  9 20 36 53 54
 1108  7  9 39 43 44 60
 1109  6  8 11 14 29 52
 1110  6 14 26 28 42 45
 1111  4  9 25 32 33 43
 1112  4 32 34 43 52 58
 1113  3  6 29 36 47 59
 1114  3 15 16 22 25 54
 1115 18 30 37 41 44 50
 1116  4  9 13 17 20 47
 1117  1  6 17 27 35 40
 1118  8 20 21 43 44 55
 1119 10 34 41 44 45 54
 1120  7 35 40 44 50 55
 1121  4 17 18 54 56 59
 1122 26 44 46 49 55 56
 1123  4 14 19 39 45 60
 1124  7 11 16 18 33 49
 1125  3  7 29 33 42 56
 1126  4 31 42 52 57 59
 1127  5  8 14 24 29 30
 1128  8 16 24 39 52 60
 1129 12 17 19 32 47 55
 1130  5 18 23 32 49 54
 1131  1  8 16 34 36 49
 1132 12 27 30 33 52 55
 1133  5 10 16 21 39 58
 1134  9 22 29 36 51 56
 1135  4  5  6 19 23 39
 1136  7 31 32 34 37 43
 1137 19 21 25 28 43 50
 1138  2  4 15 18 25 36
 1139  9 28 31 36 37 42
 1140 10 27 40 46 49 58
 1141  9 37 40 50 58 60
 1142  3 15 26 28 31 58
 1143  3 30 35 44 47 60
 1144  1 10 18 19 44 49
 1145  3 16 19 24 33 60
 1146  6 10 28 33 34 53
 1147  6 23 31 33 39 52
 1148 27 28 29 32 48 55
 1149  7  8 23 36 46 54
 1150 15 17 28 31 35 52
 1151  1  4 14 21 25 51
 1152 14 20 29 36 44 47
 1153  6 17 19 34 46 55
 1154  4 12 14 21 26 28
 1155 20 28 40 41 51 58
 1156  9 24 31 44 48 49
 1157  9 29 41 43 46 49
 1158 23 30 31 54 55 60
 1159  5  6 34 46 53 55
 1160  1  3  5 18 40 48
 1161  4  7 42 47 48 51
 1162 18 22 25 30 31 41
 1163  5 17 31 47 51 53
 1164  6 14 17 26 40 49
 1165 20 40 42 52 54 60
 1166 22 28 30 31 35 54
 1167 20 28 43 51 52 56
 1168  4  5 20 47 53 56
 1169  1 11 14 23 42 48
 1170 11 13 27 34 46 49
 1171  3 10 13 30 41 57
 1172  6 12 28 43 52 56
 1173  5  7 24 25 36 47
 1174  6  7 39 47 51 52
 1175  2  3 12 16 37 47
 1176 11 14 21 30 33 49
 1177 33 38 47 50 52 55
 1178  1 22 30 45 50 53
 1179  5 22 28 47 59 60
 1180 12 30 34 44 57 60
 1181 18 20 26 31 44 45
 1182  2  4 29 52 56 60
 1183  5 10 12 20 29 37
 1184  4  9 23 27 28 30
 1185  2 10 21 35 43 54
 1186  7  8 12 13 15 41
 1187  8 17 19 40 43 49
 1188  9 20 44 52 59 60
 1189 14 21 27 31 35 50
 1190 10 11 19 37 53 56
 1191  3 11 16 22 25 33
 1192 17 20 49 52 57 59
 1193  2  9 12 14 32 54
 1194  6 13 24 41 50 53
 1195 17 20 26 27 55 57
 1196  3  6 19 20 58 60
 1197 36 37 39 49 54 60
 1198 22 29 36 41 48 58
 1199 16 19 23 28 39 58
 1200  3 10 11 39 54 56
 1201 28 32 36 49 55 60
 1202  8  9 11 48 53 60
 1203  7  9 30 33 38 55
 1204  5 10 25 39 43 52
 1205  4 13 14 26 29 35
 1206  2  6 11 36 37 48
 1207  9 11 22 32 35 56
 1208  1 12 20 26 45 54
 1209  5 14 17 30 35 38
 1210  3  7  9 10 31 34
 1211  3 15 31 36 48 54
 1212  2 23 33 35 40 50
 1213  3 11 26 34 45 53
 1214  5 29 30 36 41 48
 1215 10 25 30 47 50 51
 1216  4  7 13 25 27 58
 1217  5 11 15 28 43 50
 1218 10 23 29 31 33 46
 1219  2 33 34 37 41 53
 1220  5 15 43 48 52 55
 1221  5 14 37 43 46 58
 1222  5  8 19 26 48 57
 1223 15 17 35 42 47 48
 1224 19 21 27 41 53 57
 1225 31 32 34 40 50 55
 1226 10 31 40 50 55 56
 1227  4 28 30 31 35 54
 1228 10 23 36 50 52 60
 1229 12 30 32 40 49 60
 1230  9 12 19 22 35 37
 1231  5 20 23 27 39 49
 1232  8 11 12 15 18 22
 1233 22 29 32 49 54 59
 1234  3  5 19 24 30 35
 1235 10 16 20 26 49 55
 1236  3  8 17 20 38 53
 1237  5 18 21 26 39 59
 1238 13 14 24 39 40 45
 1239  1 15 37 39 48 52
 1240  8  9 12 22 42 49
 1241 10 13 25 26 28 45
 1242 11 34 45 48 51 54
 1243  9 19 23 29 32 57
 1244  2  8 15 25 34 45
 1245  2 10 34 37 43 50
 1246 10 37 40 43 57 59
 1247  3  9 11 24 36 51
 1248 20 33 34 57 58 60
 1249  3  8 36 40 51 53
 1250  1  2 24 40 51 59
 1251  5 27 34 46 48 52
 1252  2 14 35 39 49 51
 1253  2 17 23 43 44 51
 1254  7  9 14 18 29 39
 1255  5 23 38 39 51 54
 1256 26 33 35 38 43 53
 1257  2 15 26 27 30 52
 1258 11 26 47 55 57 59
 1259  4  6 39 46 54 58
 1260 19 23 29 31 41 53
 1261 10 14 22 41 42 53
 1262  5  7  8  9 11 39
 1263  4 18 26 36 41 53
 1264  4 17 36 37 51 56
 1265 13 19 24 46 50 60
 1266  6 10 33 39 42 60
 1267  4 20 30 41 47 58
 1268  3 16 17 44 53 60
 1269  4  5 15 17 27 51
 1270  5  9 24 31 33 42
 1271  1  2 39 48 52 59
 1272 13 26 27 28 35 52
 1273 13 19 26 40 58 60
 1274 13 17 21 39 40 59
 1275  2 14 48 55 58 60
 1276  5  9 11 22 36 40
 1277 12 18 31 50 59 60
 1278  4 16 24 25 30 56
 1279  8 14 29 35 36 40
 1280  6 10 16 20 29 54
 1281  8 11 14 30 36 38
 1282  4 23 39 52 55 56
 1283  8 30 40 44 59 60
 1284 20 21 26 29 31 36
 1285 10 15 28 31 33 38
 1286  2  5 28 33 51 52
 1287 11 12 31 33 42 52
 1288 17 30 32 40 42 56
 1289  1  3  8 13 27 52
 1290  2  3 14 23 34 50
 1291 18 40 47 54 57 58
 1292  9 11 23 30 31 54
 1293  1 13 24 40 44 50
 1294  4  6 29 48 50 51
 1295  2  5 15 20 43 57
 1296 10 14 43 46 49 53
 1297  2  5 11 13 56 59
 1298 14 15 30 53 55 60
 1299  8 22 32 43 53 56
 1300 43 44 46 53 54 59
 1301  3 16 23 25 51 56
 1302  2 10 15 44 56 57
 1303  8 19 46 51 52 54
 1304  7 14 15 20 23 35
 1305  3  5 11 36 44 46
 1306  6 19 22 34 43 45
 1307  7 10 32 43 47 54
 1308  7  8 24 30 33 47
 1309  7 12 25 26 32 39
 1310  8  9 14 32 53 59
 1311  7  9 12 19 45 54
 1312  5 20 22 28 29 30
 1313  1  4 26 39 43 49
 1314 38 42 44 52 58 60
 1315  1 27 29 38 50 52
 1316  8 13 25 34 42 48
 1317  6 13 29 30 35 37
 1318 11 14 16 28 34 46
 1319  4  5 16 18 27 51
 1320 17 24 25 38 41 55
 1321 10 47 51 53 59 60
 1322 10 21 43 47 53 55
 1323  6 15 25 37 48 55
 1324 18 29 31 44 51 57
 1325  2  5 16 20 35 43
 1326 10 11 18 19 30 50
 1327 16 35 36 41 52 54
 1328 10 23 27 43 53 59
 1329  7  8 11 39 43 50
 1330  8 18 21 30 48 49
 1331  9 24 26 39 46 57
 1332  3  5 13 24 35 59
 1333 25 26 28 33 42 51
 1334  1  6  8 10 25 27
 1335  3 14 20 22 49 51
 1336  1 32 38 47 51 54
 1337  2 20 35 38 45 51
 1338  1 18 19 33 43 60
 1339  7 10 14 16 54 59
 1340 13 21 30 36 59 60
 1341  1 11 20 37 40 52
 1342  5  7 42 46 50 60
 1343 19 20 31 42 51 56
 1344  8 19 21 36 42 59
 1345  7 17 19 26 40 50
 1346 12 32 40 47 48 59
 1347  9 19 45 46 54 56
 1348  7 12 38 39 45 56
 1349  9 19 20 50 51 60
 1350  3  4 29 36 45 55
 1351 13 33 36 41 50 56
 1352  9 18 24 35 36 59
 1353  3 11 13 27 32 47
 1354  2  8 38 42 48 49
 1355 11 17 24 39 46 49
 1356  6 13 21 22 31 46
 1357  1 19 24 26 52 55
 1358  3 15 16 35 37 47
 1359  6 10 12 17 28 53
 1360  2 16 17 25 50 54
 1361 23 27 30 37 38 44
 1362  2 12 19 22 36 58
 1363 25 35 42 45 52 57
 1364 10 13 20 40 44 53
 1365  2 24 26 32 35 50
 1366 12 27 37 44 54 59
 1367  2  7 13 29 38 43
 1368 10 21 26 29 32 38
 1369  5 16 24 32 38 46
 1370  2  4  5 27 49 59
 1371  3  4  8 11 47 49
 1372  3 36 40 46 58 60
 1373  7 27 39 52 55 57
 1374  6 21 28 31 33 43
 1375 14 25 28 45 53 58
 1376  9 11 21 49 53 54
 1377  2  5 12 13 25 35
 1378  2  5 17 18 54 59
 1379  5 12 36 45 50 58
 1380  3 14 52 55 57 60
 1381 11 27 30 40 44 57
 1382  5 13 16 17 27 55
 1383  7  9 23 44 46 55
 1384  2 18 30 31 45 56
 1385 27 35 36 37 42 59
 1386 12 28 38 39 51 56
 1387 18 27 32 43 50 52
 1388 22 29 31 43 50 54
 1389  1 16 28 39 44 57
 1390  4 19 27 28 29 31
 1391  7 12 19 34 40 53
 1392  2  8 12 28 33 43
 1393  4 18 24 28 39 44
 1394 11 16 24 35 46 50
 1395  5 11 17 19 44 48
 1396 29 48 52 54 55 58
 1397  3  4  7 15 27 56
 1398 14 32 33 40 42 51
 1399 34 39 43 56 57 60
 1400  9 26 34 43 53 54
 1401 11 12 25 33 48 54
 1402  2  9 10 21 27 38
 1403 13 16 20 26 39 42
 1404  7  8 27 31 32 51
 1405  3 14 17 32 37 39
 1406  7 10 17 24 38 57
 1407 18 29 31 42 43 53
 1408  4 19 20 24 39 43
 1409  6 19 26 47 50 58
 1410 18 29 40 42 50 54
 1411  8 12 32 44 46 48
 1412  6  8 24 37 41 45
 1413 13 15 33 45 54 55
 1414 21 37 44 46 49 57
 1415 26 36 40 46 49 51
 1416  3 19 22 24 35 49
 1417  5 12 45 52 56 59
 1418  7  8 10 12 27 56
 1419 17 21 30 48 52 58
 1420  2 11 16 18 36 45
 1421 19 31 39 44 53 59
 1422  2  5 13 17 39 44
 1423  3  8 21 25 27 43
 1424  3  7 15 29 38 60
 1425  7 16 29 36 38 50
 1426  6 15 18 24 30 44
 1427  8 39 44 47 53 56
 1428  7 15 19 34 37 55
 1429  9 12 22 39 48 60
 1430  2 19 22 30 46 52
 1431  5  9 13 33 40 54
 1432 16 24 25 42 45 59
 1433  4 13 14 40 46 52
 1434  3 18 22 34 55 58
 1435  4 15 45 47 50 52
 1436  1 13 23 24 30 57
 1437 22 23 26 37 38 48
 1438  7 14 31 33 36 49
 1439  2 34 35 42 43 55
 1440  2  6 28 36 51 56
 1441 17 29 36 38 53 56
 1442 12 13 20 30 34 49
 1443 12 20 32 48 52 54
 1444  2  5 27 28 48 55
 1445  5 19 32 41 49 58
 1446  6 13 24 32 40 51
 1447  1 19 28 33 39 41
 1448  1 25 29 36 56 60
 1449  2  6 18 30 52 56
 1450 26 27 31 38 44 45
 1451  2 10 11 33 52 57
 1452  2 14 28 50 57 58
 1453  6 13 25 32 47 57
 1454  4 27 29 41 48 52
 1455 14 32 33 36 41 52
 1456  6  8 14 26 36 40
 1457 15 16 34 42 46 59
 1458  2  4 16 33 44 51
 1459  2  6 30 34 35 52
 1460  4 14 27 38 50 52
 1461 31 36 44 47 49 54
 1462  5  9 25 27 38 40
 1463 13 22 28 29 40 48
 1464  2 24 32 50 54 59
 1465  6 11 16 26 44 53
 1466  4  6 13 34 37 51
 1467 23 24 26 41 52 53
 1468  1  2 10 19 20 37
 1469  4 13 35 54 56 58
 1470  2 34 36 38 51 55
 1471 10 25 33 36 40 58
 1472 12 18 23 25 45 50
 1473  2 12 33 57 58 60
 1474  1  2  3 11 28 43
 1475 12 13 37 44 48 51
 1476  4 10 26 37 47 57
 1477  3  4 46 50 56 59
 1478 10 27 37 40 47 55
 1479 21 48 50 54 57 60
 1480  9 14 21 26 36 52
 1481 17 27 28 40 44 55
 1482  6  9 11 34 41 53
 1483  1 35 39 53 55 56
 1484 17 20 24 29 49 53
 1485  4 27 30 36 54 59
 1486  1  6 10 34 40 54
 1487  4  9 17 23 28 53
 1488  4 22 25 38 45 51
 1489  1 15 24 26 28 48
 1490  1  3 31 32 43 52
 1491  6 26 45 50 56 60
 1492  4  9 18 44 46 48
 1493  7 12 24 27 30 49
 1494  2 14 24 28 35 50
 1495  4 13 14 44 49 57
 1496 14 18 28 41 47 54
 1497  4  5  7 27 45 58
 1498  6 11 27 40 46 49
 1499  8 22 26 33 37 54
 1500 10 18 31 43 57 59
 1501  1  7 13 29 37 54
 1502  6 22 43 51 52 57
 1503  3  4 16 22 36 42
 1504  2 10 12 30 41 42
 1505  1  2  6  9 16 32
 1506  3 14 18 34 42 49
 1507 24 46 50 51 52 56
 1508 17 18 30 35 39 58
 1509  1  6 27 46 51 59
 1510  1  8 17 44 46 53
 1511  4  8 17 29 31 45
 1512 11 28 35 42 46 58
 1513 17 28 31 56 57 58
 1514 16 17 23 42 59 60
 1515  4 13 14 18 49 59
 1516  4 18 20 34 45 60
 1517  7 17 38 45 52 56
 1518  8  9 28 41 48 55
 1519  5  6 15 23 56 59
 1520  7 31 35 36 46 48
 1521 11 14 18 30 33 39
 1522  5  8 23 32 33 56
 1523 22 25 31 39 41 44
 1524  2 12 40 46 52 53
 1525  2 26 30 35 46 54
 1526 10 16 28 47 51 59
 1527 16 32 36 42 44 48
 1528  4 13 15 19 36 58
 1529 11 15 17 34 35 49
 1530 10 16 28 33 48 53
 1531 12 13 24 41 42 44
 1532  2 11 23 31 42 44
 1533 13 21 29 34 47 57
 1534  1 12 28 29 34 48
 1535  8  9 25 41 54 55
 1536 13 18 29 32 50 58
 1537  6 10 33 50 51 56
 1538 23 27 35 52 53 57
 1539  8 10 20 26 49 58
 1540  3 17 27 32 47 54
 1541  5 24 37 44 49 58
 1542  7 11 12 30 39 57
 1543  7 15 20 23 30 41
 1544  2 21 30 35 45 50
 1545  4  6 11 24 45 48
 1546  4 17 38 44 53 60
 1547  2  9 10 18 21 28
 1548 19 41 42 44 47 54
 1549 10 12 16 20 32 53
 1550  9 13 21 27 36 56
 1551  2 15 19 21 23 38
 1552  7 18 24 26 39 46
 1553 20 21 22 29 46 60
 1554 30 32 49 50 52 53
 1555  2  5 23 33 52 59
 1556  1  4  7 10 11 52
 1557  4 16 18 31 45 46
 1558  7 15 17 31 42 54
 1559  8 12 16 29 37 58
 1560 20 30 36 38 47 53
 1561 23 26 28 54 55 60
 1562 10 12 23 37 47 51
 1563  1  6 13 20 36 43
 1564 25 38 44 46 53 54
 1565 18 37 39 41 43 51
 1566  5  6 11 32 36 60
 1567  2 15 30 38 48 53
 1568 19 24 25 28 42 58
 1569  5 15 18 31 42 53
 1570 15 18 24 42 46 56
 1571  3 29 32 46 55 60
 1572 20 27 42 45 46 47
 1573  7 16 21 35 36 38
 1574  6 27 28 33 46 48
 1575  1  4  5 14 45 56
 1576 13 15 21 26 30 46
 1577 11 14 25 32 51 59
 1578  3  6 30 37 53 56
 1579 25 34 40 49 51 60
 1580  1  6 14 17 33 36
 1581 14 15 25 30 31 34
 1582  1  4 13 17 38 48
 1583  2  9 17 18 45 47
 1584  3 22 27 28 50 54
 1585  2 43 47 48 49 55
 1586  8 39 43 46 47 58
 1587  8 19 21 30 52 56
 1588 23 29 32 36 45 49
 1589  4  5 11 19 41 51
 1590  7 20 34 40 44 55
 1591  4 10 23 33 38 55
 1592 31 36 38 41 42 49
 1593  4  9 17 18 21 38
 1594  6  7  8 23 43 53
 1595  2  5  8 42 46 59
 1596  1  5  7 10 12 45
 1597  5 10 16 44 50 52
 1598 29 31 36 42 47 53
 1599  3 10 15 35 36 58
 1600  9 23 32 35 46 57
 1601  8 10 24 45 56 60
 1602  8 12 22 35 40 44
 1603 13 20 27 31 53 60
 1604  2 21 24 27 40 51
 1605  9 19 21 30 31 42
 1606  1 15 37 42 46 54
 1607  7 31 32 41 51 52
 1608  5  6 17 43 54 59
 1609  2  6 13 26 53 60
 1610  1  4  9 35 36 53
 1611 24 28 47 50 51 58
 1612  6 13 17 36 42 51
 1613  4 18 31 44 46 49
 1614 14 17 21 27 43 49
 1615  5 20 26 31 33 44
 1616 28 31 40 42 46 58
 1617  3 23 26 31 47 54
 1618  9 20 24 43 51 52
 1619  5  8 17 42 46 47
 1620 13 23 27 34 38 57
 1621 10 22 24 38 39 49
 1622  4  5  7 21 45 53
 1623 33 43 49 50 56 59
 1624  2 27 32 41 47 58
 1625 11 22 36 40 45 52
 1626  3  5 14 35 43 52
 1627 20 26 32 41 45 57
 1628 26 29 34 38 50 60
 1629  4 20 24 35 47 59
 1630  1  7 30 43 44 54
 1631  4 29 44 47 48 60
 1632  6 18 24 27 56 59
 1633  1  2 11 13 36 49
 1634  9 10 23 33 44 51
 1635  8 23 28 30 32 51
 1636 19 26 33 35 51 52
 1637  1  5 24 47 55 56
 1638  1  2 38 41 42 58
 1639 16 29 34 35 49 51
 1640  2  6 18 23 31 46
 1641 23 29 30 33 46 51
 1642  3 23 42 43 47 60
 1643 16 19 20 28 37 60
 1644 10 13 16 22 34 60
 1645  8 18 21 31 37 38
 1646 19 23 34 40 41 58
 1647 12 17 23 38 53 54
 1648 15 16 18 20 22 48
 1649 24 33 38 42 44 54
 1650 17 23 29 38 57 60
 1651  8 27 35 38 41 44
 1652  7 24 26 28 44 57
 1653  1 21 22 27 32 45
 1654  7 16 33 42 50 58
 1655  7 24 28 46 53 56
 1656  4  6 11 43 54 56
 1657  7 10 14 37 45 54
 1658  7 11 19 23 40 49
 1659  4 10 20 33 37 49
 1660  8 17 34 38 42 51
 1661 13 16 27 43 48 58
 1662 10 14 25 29 33 57
 1663 18 20 27 40 49 55
 1664  8 21 23 29 36 48
 1665  1  5 11 16 20 56
 1666  1  2 23 27 45 51
 1667  7 12 24 44 51 56
 1668  5 40 47 52 55 57
 1669 28 29 31 45 48 49
 1670  1 17 19 30 33 47
 1671 21 27 31 45 55 56
 1672  1  3  5 10 20 42
 1673  5 10 23 24 35 47
 1674 22 30 42 50 58 59
 1675  3 18 34 35 36 56
 1676  1  2 11 37 48 51
 1677 10 15 28 33 51 52
 1678  9 11 17 19 35 52
 1679  1  2 27 28 46 47
 1680 23 37 38 46 47 51
 1681  1  6  8 11 33 50
 1682  7 13 35 37 39 51
 1683  4 12 32 33 34 48
 1684  9 12 18 31 39 50
 1685  3 18 31 39 46 51
 1686  9 14 37 44 46 55
 1687 15 24 37 46 49 58
 1688 18 23 30 32 42 56
 1689  2  5 13 27 41 53
 1690 21 24 26 35 45 53
 1691  1 10 24 39 45 58
 1692 11 13 14 27 44 56
 1693  5 15 18 19 21 38
 1694 20 29 34 37 45 57
 1695 24 36 38 43 44 58
 1696  1 12 17 31 37 46
 1697  8 23 30 51 53 58
 1698 11 13 24 28 44 45
 1699  1  6 10 30 33 38
 1700 15 18 41 48 50 58
 1701  3  9 18 32 40 56
 1702 17 19 33 35 39 52
 1703  3 23 26 35 39 49
 1704  1  7 11 32 51 59
 1705 25 27 29 37 50 51
 1706 12 31 34 36 48 56
 1707  7 16 20 27 36 52
 1708 17 29 32 38 45 50
 1709  7 19 30 35 42 47
 1710  7 21 28 56 58 59
 1711 22 26 38 39 45 50
 1712  2 12 19 29 50 59
 1713  3 10 16 23 27 29
 1714  2  8 24 36 51 52
 1715 16 20 35 40 53 60
 1716  2 25 36 41 42 53
 1717  2  9 16 37 44 58
 1718  4 30 31 32 47 53
 1719  1 22 31 34 44 54
 1720 18 23 31 39 49 57
 1721  4 12 19 33 36 38
 1722  9 23 39 41 49 58
 1723 14 27 30 46 52 60
 1724 27 33 37 39 58 60
 1725 16 18 26 30 31 34
 1726  3 10 42 49 54 57
 1727  4  6 19 20 40 41
 1728  3  8 28 39 42 59
 1729  7 14 23 43 44 53
 1730  1 10 17 24 42 51
 1731  5 18 27 43 49 59
 1732 25 34 38 45 53 60
 1733  3  5  9 14 41 46
 1734 12 17 25 29 41 52
 1735  6 16 33 34 45 46
 1736 12 13 24 29 32 41
 1737  5  8 42 50 51 59
 1738 12 28 37 46 48 53
 1739  9 10 17 32 34 46
 1740 10 15 25 38 47 53
 1741 15 18 20 32 48 49
 1742 11 19 21 23 27 52
 1743  4 10 29 31 34 35
 1744  9 12 14 29 42 56
 1745  9 13 18 47 52 60
 1746  6 18 37 40 41 58
 1747  6 33 34 48 53 59
 1748  2 10 13 41 49 53
 1749  3 13 14 29 33 43
 1750 15 17 20 31 41 48
 1751 15 22 23 42 51 57
 1752  9 36 37 53 55 60
 1753  8 15 29 35 45 54
 1754 20 27 30 31 40 53
 1755  2  5  8 18 30 48
 1756  6 13 14 28 35 45
 1757 13 25 28 37 43 56
 1758  6 11 16 23 36 42
 1759  2 14 21 22 51 60
 1760 10 24 25 36 47 48
 1761  9 10 36 50 53 55
 1762 26 32 42 45 55 59
 1763  9 12 15 21 31 36
 1764  6  7 29 39 41 55
 1765  1  6 28 37 56 58
 1766 22 23 41 46 53 60
 1767 16 26 35 39 44 45
 1768  5  7 11 34 35 50
 1769 32 37 44 47 54 60
 1770 11 26 27 30 34 41
 1771  2 20 27 28 32 38
 1772 12 19 27 39 41 45
 1773 15 30 39 41 45 59
 1774  1 12 20 30 52 60
 1775  2 18 31 42 51 56
 1776 10 11 14 19 39 48
 1777  4 19 38 44 52 55
 1778  4 10 38 40 45 48
 1779 12 25 30 39 56 57
 1780  6 20 22 31 33 34
 1781  1  8 22 49 52 53
 1782  6 18 34 47 52 57
 1783  4  6 16 18 21 38
 1784  4 15 26 30 54 55
 1785  5 11 27 41 42 54
 1786  2  6  8 21 25 34
 1787  1  5 13 25 26 29
 1788  3 13 42 45 56 59
 1789  6 25 43 57 58 59
 1790 11 13 26 27 28 50
 1791 12 18 46 50 53 55
 1792  2 16 17 18 41 47
 1793 13 14 22 54 56 58
 1794  1  5 34 37 40 60
 1795 30 42 47 50 55 58
 1796 22 23 34 48 53 54
 1797  2 13 14 35 54 57
 1798  2  9 23 28 45 53
 1799  1  3  4 39 51 53
 1800  6 11 16 19 31 56
 1801  6 19 34 43 45 54
 1802  2  6 13 14 17 44
 1803  4  8 29 38 49 50
 1804 20 21 28 48 50 59
 1805 17 22 27 31 49 57
 1806 11 20 35 42 55 58
 1807  1 15 16 22 25 43
 1808  2 14 20 25 41 45
 1809  9 12 23 24 46 54
 1810  1 10 25 43 50 56
 1811  5 17 32 35 37 57
 1812 20 23 32 34 37 45
 1813  9 11 13 15 19 51
 1814  9 11 27 46 51 53
 1815  8 11 25 39 41 60
 1816  5 10 12 22 28 46
 1817  1  4 26 39 47 55
 1818  2  6 10 15 53 56
 1819 17 18 26 30 33 37
 1820  3 19 23 27 40 45
 1821 19 22 31 36 52 53
 1822  1 22 26 43 50 53
 1823  4  9 21 34 54 59
 1824  5  6 12 19 30 60
 1825 10 11 21 50 51 54
 1826 17 19 32 43 48 51
 1827 26 33 42 43 53 54
 1828  6 11 32 40 48 59
 1829  7 13 24 30 32 53
 1830  3  7 29 37 54 60
 1831 15 27 28 32 48 55
 1832 14 34 46 47 56 57
 1833  2  3  7 16 27 42
 1834  2 17 22 24 48 51
 1835  8 28 36 47 50 58
 1836  8 15 18 45 59 60
 1837 41 44 48 50 54 57
 1838  5  8 24 30 57 59
 1839  7 22 28 32 56 58
 1840 15 17 33 41 47 48
 1841  3  6 13 38 49 51
 1842 16 18 22 24 34 43
 1843  8 26 28 33 41 54
 1844  3  4 37 39 48 50
 1845  3  9 13 29 30 51
 1846  6 24 26 30 34 49
 1847  1  6 45 49 50 57
 1848  9 40 41 50 55 58
 1849  3  5 11 27 35 44
 1850 23 24 32 38 40 41
 1851  8 18 21 22 35 37
 1852 13 17 29 45 49 50
 1853  1  2 34 39 41 45
 1854 25 30 31 34 43 59
 1855  6 10 15 24 38 39
 1856  2  9 14 22 32 37
 1857 13 23 25 35 52 53
 1858 22 28 30 33 55 59
 1859  1 13 14 21 26 51
 1860 10 30 36 40 44 60
 1861  2  4  9 35 45 60
 1862  2  8 35 42 49 56
 1863 16 23 45 56 58 59
 1864  4  5 14 37 40 60
 1865  1  5 31 32 37 42
 1866 14 17 36 38 44 60
 1867  3 10 17 21 22 43
 1868  1  5 23 25 28 31
 1869 11 23 24 26 40 52
 1870 18 20 30 32 33 40
 1871  3 11 17 33 52 58
 1872 11 13 25 39 46 56
 1873  5 25 28 41 53 54
 1874 10 28 37 43 44 47
 1875  1 45 47 52 53 55
 1876  7 18 39 41 44 51
 1877 13 16 23 24 32 35
 1878 12 16 26 40 56 57
 1879  5 10 20 57 58 59
 1880  5 16 19 37 51 56
 1881  3 10 30 44 53 56
 1882  9 10 19 35 37 41
 1883 16 27 28 47 59 60
 1884  1  4 23 32 38 59
 1885  7 14 18 23 32 59
 1886  3  7 15 40 45 54
 1887 11 23 34 41 46 56
 1888  1 10 17 18 45 48
 1889 16 23 25 28 30 44
 1890  5 11 22 24 51 53
 1891  1  3 19 23 47 58
 1892  6 17 22 30 37 50
 1893 16 17 19 28 45 58
 1894 21 31 35 53 54 57
 1895  2  3  5 10 15 34
 1896  3  6 14 15 21 25
 1897  9 22 25 47 52 58
 1898 12 34 45 53 55 58
 1899 20 23 35 36 44 48
 1900  8 11 27 28 43 46
 1901 11 12 26 30 37 53
 1902  2  7  9 18 21 25
 1903  9 10 15 28 43 45
 1904 12 15 18 21 51 56
 1905 29 35 43 54 56 57
 1906  6 27 33 39 40 60
 1907  3 25 35 38 44 48
 1908  4 10 13 23 27 57
 1909 11 40 43 45 47 57
 1910  6  9 15 22 39 48
 1911 16 18 23 30 32 33
 1912 10 13 33 35 36 42
 1913  4 14 17 43 52 56
 1914 16 29 33 39 42 44
 1915  2 20 21 33 48 57
 1916  3  9 18 23 50 52
 1917  4 21 25 33 36 46
 1918 16 17 20 22 38 50
 1919 11 28 37 45 54 60
 1920 25 31 33 39 43 45
 1921 10 15 16 19 28 35
 1922 20 22 36 38 41 43
 1923  9 34 42 45 46 59
 1924 12 16 30 52 53 58
 1925  1 17 38 43 45 47
 1926  2  3 14 20 30 46
 1927  5 11 13 19 30 31
 1928 10 26 28 51 53 59
 1929  3 10 23 36 43 52
 1930  4 17 18 37 52 56
 1931  2  8  9 15 22 34
 1932 10 16 21 29 44 55
 1933  2 14 15 19 35 59
 1934  8 23 35 39 56 59
 1935  1  3 10 17 23 24
 1936  3 12 24 40 51 52
 1937  6 10 24 29 43 55
 1938 10 16 32 40 42 54
 1939  7 24 29 39 45 52
 1940  9 13 16 17 36 47
 1941  1  9 24 38 48 49
 1942  6 18 20 24 43 48
 1943  9 11 12 30 39 43
 1944  8  9 39 47 57 59
 1945  4  8 10 21 45 54
 1946  4  6 39 44 52 60
 1947  8 33 40 52 55 59
 1948 12 20 24 28 33 57
 1949  1  6 14 22 30 56
 1950 10 21 32 34 48 57
 1951 14 16 19 21 33 55
 1952  9 21 36 38 52 53
 1953  9 26 29 42 43 45
 1954  9 25 33 35 40 49
 1955 15 27 33 36 41 45
 1956  5  8 20 28 40 45
 1957  2 14 22 23 29 47
 1958 15 20 22 24 34 55
 1959  8 21 27 35 43 56
 1960  1 18 25 37 39 43
 1961 17 25 26 30 32 50
 1962  5  6 15 25 39 53
 1963  4  5  7 34 42 60
 1964  2 27 32 36 48 50
 1965 26 28 35 38 48 55
 1966 10 13 19 32 40 60
 1967 13 30 32 39 46 54
 1968 35 36 39 44 48 52
 1969  8 20 30 32 48 59
 1970  5 10 18 24 39 52
 1971  4 10 41 44 52 54
 1972  9 16 20 54 57 59
 1973  1 12 16 17 52 60
 1974  4 19 27 38 54 57
 1975  8 11 24 26 47 57
 1976 12 14 19 25 52 59
 1977  3 16 28 32 34 37
 1978  2  6 22 44 55 57
 1979 22 23 29 32 38 45
 1980 12 16 17 18 34 37
 1981  6 15 19 37 39 53
 1982  4 14 20 24 46 50
 1983  5  6 10 14 22 36
 1984 21 29 32 35 43 50
 1985  9 28 29 34 36 55
 1986 23 36 43 44 55 56
 1987 10 14 31 34 45 58
 1988  5 10 39 42 46 54
 1989 15 22 30 32 40 58
 1990 11 24 26 34 37 59
 1991 19 20 28 34 36 44
 1992  5 11 13 21 53 54
 1993  6 17 33 48 50 57
 1994  2  5 12 32 40 44
 1995 14 26 29 35 37 39
 1996  7 20 21 24 40 56
 1997  1  7 14 31 35 46
 1998  8 21 24 25 52 57
 1999 15 37 38 42 49 50
 2000  3  6 10 17 34 37
 2001 20 22 36 42 52 60
 2002  4 28 30 38 46 59
 2003 28 34 40 43 50 51
 2004  1  5 14 23 35 45
 2005 11 19 22 33 34 53
 2006  1  9 14 20 25 54
 2007  4 14 39 41 54 58
 2008 22 27 33 42 58 59
 2009  1 37 44 46 48 50
 2010  8 10 18 34 39 56
 2011  2 28 32 35 54 58
 2012  8 11 27 35 36 51
 2013  6 23 30 36 53 56
 2014 16 32 40 46 53 56
 2015 17 18 27 32 39 58
 2016  4 11 17 18 21 48
 2017  2 10 11 24 38 56
 2018 11 22 25 27 55 59
 2019 23 41 46 52 54 59
 2020  2 36 46 48 57 60
 2021  7 14 32 37 40 60
 2022  4 28 45 48 52 60
 2023  1  6  7  8 23 56
 2024 16 20 23 29 35 47
 2025  4 24 46 52 55 56
 2026 10 23 31 33 51 52
 2027 11 15 29 37 39 44
 2028  7 11 24 36 42 58
 2029  6 15 18 33 37 40
 2030  4 27 38 40 58 59
 2031 18 23 37 39 50 55
 2032  6 14 19 20 39 53
 2033 10 18 33 38 40 43
 2034  6  7 13 17 22 56
 2035 30 35 36 38 49 52
 2036  7  8 19 23 27 58
 2037 14 16 23 30 45 60
 2038  6 25 26 35 38 40
 2039  6 12 22 28 31 44
 2040  6  9 41 54 56 58
 2041 10 12 22 25 42 54
 2042 14 22 29 32 33 35
 2043 21 38 53 56 57 58
 2044  7 14 47 54 56 60
 2045 15 25 27 45 46 50
 2046  3  6 11 27 28 46
 2047  1 18 19 29 44 54
 2048 10 19 26 35 38 39
 2049 10 19 27 31 51 53
 2050  8 31 32 33 38 50
 2051  1  5  6 37 44 53
 2052 50 51 56 57 58 59
 2053 12 22 27 37 40 55
 2054  4  7 12 22 26 39
 2055  6 25 35 43 46 53
 2056 18 22 29 34 36 47
 2057 10 13 20 37 38 54
 2058  4 19 23 29 56 59
 2059  4  5 36 40 44 56
 2060  8  9 11 25 39 41
 2061 33 36 40 44 45 54
 2062  8 10 15 23 25 34
 2063  6 10 19 24 25 29
 2064 10 14 36 53 55 60
 2065  4 11 20 30 37 43
 2066  6 25 27 35 45 55
 2067  2 11 13 26 32 59
 2068  3  5  9 40 42 47
 2069  3 17 34 35 40 48
 2070  5 26 27 34 42 48
 2071 24 33 34 35 46 60
 2072 10 12 13 20 22 54
 2073 12 15 18 30 52 55
 2074  8 18 23 37 42 58
 2075  7  9 23 33 57 59
 2076  5  6 12 15 22 43
 2077 13 16 26 35 37 39
 2078  2 11 15 30 36 39
 2079  1  2 14 37 55 58
 2080 10 22 40 46 55 58
 2081 13 18 35 40 41 42
 2082  6 25 33 42 48 49
 2083  1 18 19 33 56 60
 2084  7 20 26 37 38 39
 2085 12 21 25 37 38 49
 2086  4 35 43 46 47 53
 2087  2 18 19 23 34 53
 2088  3 14 24 27 38 56
 2089  5 10 32 38 48 49
 2090  8 11 18 37 40 51
 2091 10 11 12 37 38 59
 2092 11 13 15 17 22 27
 2093  8 14 27 34 52 54
 2094  4 16 19 31 33 44
 2095 16 29 35 43 49 56
 2096  6 11 13 19 24 51
 2097  9 24 28 45 49 51
 2098  2  8 18 27 38 60
 2099  5 15 20 27 30 58
 2100  1 10 11 13 35 49
 2101  2  8 18 37 56 58
 2102  4  6 17 34 51 57
 2103  3 13 40 44 46 50
 2104  2 10 12 27 45 56
 2105 11 13 16 24 31 46
 2106  3 27 36 39 40 43
 2107  8 38 44 50 56 60
 2108 19 22 29 41 44 59
 2109  4 12 16 34 44 49
 2110  5 10 12 18 25 33
 2111  1 41 44 46 54 58
 2112 17 39 43 46 52 53
 2113 11 14 21 25 46 50
 2114 17 25 30 35 42 57
 2115  4 19 27 35 40 44
 2116  1  9 19 21 34 54
 2117  4 28 29 30 43 52
 2118 11 12 20 40 41 46
 2119 19 21 26 31 42 49
 2120 13 20 24 25 38 41
 2121  8 10 17 29 37 40
 2122  3 11 15 21 27 49
 2123 14 15 47 50 56 59
 2124  2 11 20 31 43 47
 2125  1 31 44 46 53 58
 2126  7 12 24 27 39 58
 2127  1  7 28 30 44 46
 2128 11 16 24 46 54 55
 2129  6 12 31 32 46 60
 2130 13 16 36 53 54 55
 2131  2  3  6 18 20 28
 2132  5 18 30 35 39 60
 2133 19 20 26 51 52 57
 2134  6 21 34 46 54 59
 2135  9 23 28 40 48 59
 2136  1  8 11 22 30 35
 2137  1  2 11 12 34 49
 2138  4 13 14 21 30 34
 2139 14 23 29 41 57 58
 2140 17 20 26 36 42 54
 2141 10 11 17 19 37 41
 2142  7 40 44 50 52 57
 2143  2 12 35 51 57 58
 2144  7 16 21 33 55 60
 2145  6  8 28 51 53 59
 2146 16 18 31 39 42 44
 2147 17 19 37 41 42 49
 2148  8 15 32 33 58 59
 2149 21 23 37 44 46 48
 2150 23 24 26 38 42 49
 2151  2 14 18 29 36 38
 2152 26 29 36 49 50 59
 2153  8 13 28 31 32 33
 2154  7 25 41 47 50 53
 2155  2  6 27 37 44 47
 2156  1  6 23 26 39 49
 2157 31 33 34 35 39 48
 2158  9 27 35 45 46 59
 2159 14 26 35 38 45 53
 2160  1 19 46 47 49 53
 2161  8  9 10 24 42 44
 2162 11 16 22 30 34 42
 2163  8 18 20 24 36 45
 2164 16 17 25 47 48 58
 2165  5 37 43 49 54 56
 2166  3 19 34 44 56 58
 2167 27 37 38 43 45 54
 2168  1  4 25 27 29 37
 2169  7 34 45 51 54 59
 2170 10 21 24 36 38 51
 2171 12 13 19 36 44 55
 2172  9 24 28 37 43 57
 2173  2  9 42 44 48 50
 2174 10 15 34 36 56 60
 2175  7 25 32 43 53 55
 2176  8 23 25 39 43 44
 2177  9 11 14 31 48 51
 2178  2 16 21 42 50 56
 2179  2 13 24 35 50 54
 2180 10 12 16 21 28 38
 2181  1  8 19 33 36 48
 2182 19 22 39 46 47 59
 2183 13 26 30 34 43 51
 2184 15 36 45 51 52 59
 2185  9 18 19 22 42 47
 2186 12 18 19 27 41 46
 2187 10 11 16 21 46 50
 2188  2 17 21 28 51 60
 2189  4 11 16 22 29 33
 2190  5  9 20 25 35 53
 2191  4  8 26 33 46 53
 2192  7 16 37 53 57 59
 2193  7  8 22 27 29 42
 2194  8 16 20 21 31 34
 2195 14 24 32 38 46 53
 2196  1 25 27 28 41 56
 2197  3 11 29 35 44 57
 2198  1 11 34 36 44 56
 2199 15 23 30 35 38 44
 2200 11 15 28 36 43 55
 2201  3 13 23 41 49 53
 2202 11 29 37 38 43 60
 2203 17 34 46 49 50 57
 2204  1 28 29 32 35 56
 2205 12 21 28 37 42 57
 2206  6 27 38 42 45 57
 2207  6 10 11 43 53 55
 2208 16 25 30 40 45 49
 2209 22 25 28 32 33 47
 2210 11 17 24 25 33 34
 2211 27 36 40 41 44 54
 2212 23 26 51 52 53 58
 2213  5  7 10 32 46 60
 2214  4 10 18 30 34 47
 2215  1 19 21 23 33 43
 2216 10 24 42 43 48 49
 2217 10 14 16 30 32 36
 2218  6 16 22 38 48 52
 2219  8 28 36 45 57 59
 2220  3 35 38 40 57 58
 2221  5 23 34 45 56 57
 2222 13 14 29 30 48 59
 2223  2 26 40 42 49 56
 2224 16 23 32 50 52 58
 2225  1 32 37 44 46 47
 2226  2  4  7 16 30 38
 2227  6  9 12 27 32 57
 2228  9 19 23 32 39 45
 2229  6 11 29 40 41 58
 2230  7 17 26 39 56 60
 2231  4 13 25 40 53 57
 2232  7  8 31 34 38 47
 2233  4  6 32 35 41 45
 2234  4 21 27 29 42 47
 2235 14 18 30 35 55 57
 2236  7 20 38 43 45 53
 2237 11 20 27 28 53 60
 2238 11 36 45 55 57 58
 2239  7 27 31 39 45 46
 2240  7  9 10 19 25 58
 2241  1 13 18 26 40 56
 2242  5  9 18 24 25 42
 2243 14 18 28 35 38 54
 2244  3  5 11 34 37 42
 2245 11 14 15 18 33 34
 2246  5  9 24 27 33 46
 2247  1 42 44 47 48 53
 2248  9 15 20 29 30 42
 2249  4  9 31 47 49 53
 2250 27 33 39 52 57 58
 2251  5 15 22 26 54 58
 2252  1 17 30 37 46 50
 2253 31 32 33 39 52 55
 2254  4  9 24 44 47 56
 2255 15 20 39 41 49 57
 2256  9 10 30 37 47 54
 2257 18 21 30 31 34 51
 2258  1  5  7 14 23 26
 2259 20 27 41 54 56 58
 2260 12 14 34 35 37 47
 2261  7 23 26 27 29 51
 2262  7  8 14 23 30 46
 2263  9 24 33 43 49 57
 2264  2  3  8 19 29 37
 2265 14 20 23 39 46 50
 2266 10 23 31 37 58 59
 2267 20 32 33 48 49 53
 2268  4 13 23 28 30 52
 2269  1 11 14 23 29 55
 2270 14 16 38 39 41 48
 2271  6 10 27 28 41 52
 2272  2  5 11 24 41 49
 2273 15 16 20 38 40 58
 2274  8 11 17 33 40 55
 2275  2  4 25 36 50 53
 2276  5 15 18 27 49 57
 2277 10 22 23 37 53 60
 2278  8 17 34 37 43 45
 2279  5 12 14 20 27 28
 2280 28 29 31 50 58 59
 2281 14 27 35 40 50 55
 2282 12 27 30 36 45 52
 2283  4 24 37 43 59 60
 2284  4 10 12 14 36 46
 2285  1  7 10 12 33 42
 2286  9 21 30 41 42 43
 2287  2  4  6 29 41 56
 2288  2 26 35 39 40 56
 2289  6  9 34 37 38 45
 2290  5 18 36 44 57 60
 2291 12 26 31 36 37 49
 2292  6 16 18 33 42 57
 2293  1  2 10 37 42 48
 2294  9 15 20 33 41 43
 2295  6 13 26 28 35 41
 2296  1  6 21 29 36 59
 2297 20 22 35 40 41 59
 2298 13 17 21 31 41 49
 2299  2  3 19 40 44 60
 2300  9 21 37 39 43 54
 2301 17 18 35 36 47 52
 2302 18 22 25 27 43 44
 2303  3  7 17 20 48 50
 2304 12 21 29 54 56 57
 2305  7 16 22 38 55 57
 2306  3 19 28 33 57 58
 2307 16 33 38 46 53 55
 2308  9 13 26 38 58 60
 2309  9 11 29 30 33 60
 2310 13 17 28 29 42 53
 2311  3  5  9 35 43 60
 2312  3 27 39 46 47 60
 2313  3 20 26 45 49 58
 2314  6  7 28 42 45 49
 2315  1 10 17 26 30 53
 2316  2 11 43 49 52 56
 2317  3  8 30 33 35 48
 2318 28 44 52 54 58 60
 2319  6 17 25 35 40 49
 2320  6 30 35 39 42 48
 2321 14 25 28 41 43 46
 2322  2  5 10 29 34 41
 2323 20 27 35 39 50 59
 2324  2 16 19 31 43 60
 2325 33 34 37 46 52 60
 2326 10 16 27 34 36 57
 2327 30 37 45 54 57 58
 2328  8 11 14 39 48 53
 2329 12 14 28 42 45 55
 2330 17 20 22 35 41 42
 2331 11 13 16 36 53 57
 2332 12 33 35 36 44 52
 2333  9 16 31 41 53 55
 2334  4 13 20 22 25 60
 2335  9 18 23 42 47 49
 2336  8 10 20 27 28 50
 2337  2  9 34 49 51 55
 2338  8 21 23 34 42 47
 2339  4 18 29 47 48 59
 2340 16 21 28 41 49 51
 2341  4  9 31 32 42 46
 2342 17 20 24 27 40 60
 2343  4 31 42 45 49 56
 2344 11 17 25 38 52 57
 2345  7 16 19 22 28 55
 2346  3  4 11 40 42 58
 2347  8  9 17 30 58 60
 2348  2  3  7 48 51 54
 2349  5 10 25 32 49 54
 2350 25 28 29 34 41 45
 2351 19 22 35 41 47 49
 2352  9 17 38 41 49 55
 2353  3 19 34 41 48 53
 2354  6 18 25 30 42 54
 2355  7 30 31 41 50 56
 2356  3 10 25 36 51 58
 2357 19 28 30 34 40 51
 2358  5  9 11 16 43 57
 2359 31 32 39 42 43 51
 2360 10 15 21 24 29 45
 2361 14 21 22 29 35 46
 2362  3 20 22 32 35 50
 2363  6 14 24 34 39 58
 2364 20 33 42 44 51 56
 2365  1 17 28 37 44 50
 2366  4 27 33 35 38 41
 2367  5 23 29 34 53 60
 2368  4  7 13 25 36 58
 2369  4  9 17 19 37 60
 2370  7 31 37 42 44 56
 2371  4 15 30 36 39 48
 2372  3 19 25 44 46 57
 2373 23 24 26 44 49 60
 2374 12 13 25 37 39 41
 2375  2  6 44 46 53 58
 2376 12 14 17 18 19 22
 2377  5 18 29 35 43 44
 2378 11 37 38 41 49 54
 2379  2  8 26 32 46 56
 2380 11 16 20 24 39 53
 2381  7 23 32 41 42 47
 2382  6  9 19 38 53 55
 2383 13 15 16 20 40 41
 2384  9 13 22 25 26 31
 2385 12 24 32 37 43 60
 2386 11 13 16 35 49 50
 2387  8 26 30 31 38 48
 2388  8 30 33 37 45 48
 2389 16 30 37 39 40 51
 2390  9 13 20 22 32 56
 2391  5  8 13 27 36 50
 2392 11 15 23 25 34 53
 2393 26 27 28 32 38 51
 2394  5 16 25 36 42 44
 2395  4 11 12 44 45 57
 2396  2  3 25 39 42 49
 2397  6 14 20 39 46 48
 2398  8 17 30 36 54 59
 2399 27 35 42 44 51 52
 2400  9 21 25 26 36 53
 2401  8 11 13 33 38 48
 2402  6 22 25 29 30 60
 2403 10 12 14 32 33 34
 2404  1 19 35 40 47 54
 2405 21 38 48 49 53 59
 2406  8 12 29 43 54 60
 2407 13 17 31 43 54 55
 2408  4 29 30 38 43 57
 2409  2 29 39 49 52 58
 2410  7 10 27 35 43 59
 2411  7 26 29 34 43 44
 2412  9 16 34 36 49 60
 2413  3 22 37 40 41 48
 2414  4  5  6 14 29 38
 2415 10 12 26 29 35 60
 2416  6  7 11 26 37 57
 2417  3  7 10 11 27 46
 2418  2 11 19 27 57 60
 2419 10 35 43 48 50 53
 2420  5  8 29 39 44 60
 2421  2  3 32 35 48 57
 2422  2  7 10 20 30 46
 2423 16 18 38 48 51 60
 2424  3 16 17 37 38 53
 2425 10 31 38 46 49 54
 2426  5 11 24 27 32 57
 2427  3 19 25 37 44 56
 2428  3  9 25 28 29 39
 2429 11 37 53 55 56 60
 2430 19 26 39 45 46 56
 2431  8 11 22 25 26 36
 2432  7 29 38 40 44 52
 2433  8  9 32 52 53 57
 2434  1  2 14 28 40 51
 2435  5 22 30 32 33 36
 2436  5 15 28 32 38 54
 2437  1 19 41 46 48 55
 2438  4 11 19 25 37 55
 2439  2  8 34 38 47 51
 2440 12 15 23 32 33 46
 2441  9 41 42 46 47 54
 2442  2  7  9 25 41 49
 2443  1  5 12 13 17 31
 2444 15 17 20 35 37 43
 2445 11 25 32 37 47 56
 2446  1 13 27 41 51 58
 2447 13 19 29 42 49 52
 2448 18 30 32 35 40 48
 2449 14 20 21 31 49 52
 2450  2  6 11 15 17 39
 2451 13 26 31 46 51 60
 2452  8 10 51 56 57 58
 2453 10 14 15 24 34 44
 2454  9 14 22 24 44 47
 2455 21 38 50 53 56 59
 2456 28 34 40 41 52 55
 2457 10 19 46 47 49 50
 2458 15 40 44 45 47 51
 2459 15 24 33 49 53 59
 2460 16 17 18 28 35 47
 2461  8 11 16 21 32 37
 2462  3 16 23 41 45 57
 2463 11 16 31 37 42 51
 2464  2  7 24 43 52 56
 2465  3  8 23 29 53 54
 2466  2  3 13 20 53 54
 2467  1 10 19 34 35 45
 2468 22 35 41 42 53 57
 2469  5 28 30 38 52 55
 2470  8 33 40 42 48 51
 2471  8 23 29 30 36 55
 2472  5 13 18 23 35 36
 2473 15 18 28 42 55 60
 2474 22 30 38 39 49 56
 2475  1 40 44 45 58 60
 2476  2  7 32 46 49 55
 2477 20 33 37 38 49 50
 2478  2 17 23 28 39 46
 2479 10 15 17 20 21 35
 2480  4  6  9 31 50 56
 2481  1  8 21 27 36 37
 2482  1 32 35 44 45 57
 2483 20 34 38 40 49 54
 2484 11 14 36 41 54 59
 2485  5 12 32 38 47 60
 2486  8  9 17 19 33 56
 2487 23 36 42 48 54 58
 2488 17 31 34 40 56 57
 2489  3 10 13 25 41 42
 2490 11 16 17 41 46 59
 2491 22 29 38 43 48 53
 2492 10 30 31 33 42 52
 2493  4  9 37 43 44 56
 2494  1  4 10 22 53 54
 2495  8 12 14 30 33 41
 2496  7 26 31 38 46 58
 2497  5 14 23 46 48 52
 2498  9 12 26 29 46 47
 2499 11 19 38 47 56 59
 2500  5 16 25 32 39 55
 2501 11 27 32 40 58 59
 2502 16 20 21 39 44 55
 2503  3 14 16 38 43 45
 2504 14 33 41 42 44 55
 2505  3  5 19 26 43 51
 2506 21 22 29 34 40 44
 2507  4  6 12 34 35 53
 2508 41 45 48 51 53 58
 2509  8 37 39 50 59 60
 2510  8 13 25 32 44 57
 2511  4 10 15 39 41 49
 2512  7 10 34 47 49 52
 2513 13 19 21 35 46 50
 2514  5 15 24 34 45 52
 2515  3 12 19 41 45 54
 2516  8 17 49 51 52 53
 2517  1  5  6 16 22 39
 2518  3 22 23 44 53 60
 2519  3  8 20 36 38 57
 2520  2 17 22 41 58 60
 2521 23 28 33 38 55 59
 2522  4  5 25 32 39 40
 2523  1 10 27 36 37 45
 2524  3 20 22 37 41 43
 2525  4 13 21 26 47 51
 2526  2 16 24 38 43 59
 2527  8 19 29 38 48 56
 2528  4 15 22 53 56 60
 2529  3  5 32 56 57 59
 2530 14 17 18 28 30 44
 2531  1  5 18 49 55 56
 2532 10 14 17 18 23 30
 2533 17 18 20 37 45 53
 2534 28 36 39 44 56 60
 2535  1  3 24 37 51 56
 2536  9 22 27 30 33 45
 2537 12 24 26 31 37 48
 2538  6 15 19 20 33 52
 2539  1 23 32 33 36 59
 2540  2  8 28 34 41 49
 2541 10 28 45 47 57 59
 2542 12 20 22 25 26 55
 2543  2  5 27 30 46 53
 2544 25 38 45 53 55 56
 2545 20 23 32 36 39 57
 2546  3 23 28 34 38 48
 2547 10 25 31 37 38 57
 2548  9 15 23 25 29 30
 2549  1  6 10 30 33 35
 2550  4  5 10 34 58 59
 2551  1 25 29 43 46 48
 2552  5 24 25 33 38 41
 2553 13 15 53 54 55 58
 2554 19 25 43 44 48 49
 2555  3 20 45 52 53 58
 2556  2  6 10 14 34 56
 2557  3 13 16 25 27 33
 2558  2 10 18 25 34 44
 2559  9 12 20 30 32 35
 2560  4  5 17 20 48 52
 2561 19 22 37 44 51 56
 2562  6 12 32 44 51 57
 2563  5  9 14 30 38 50
 2564  7  8 14 19 32 45
 2565  9 13 25 39 46 54
 2566 11 23 45 53 57 59
 2567 10 11 19 33 58 60
 2568 16 22 29 35 38 49
 2569  6  7 25 28 31 52
 2570  8 18 26 27 47 50
 2571  9 18 33 38 41 51
 2572  3  7 15 22 24 50
 2573  6 26 32 35 37 49
 2574 12 17 43 44 48 60
 2575  4 12 14 41 46 53
 2576 29 32 33 35 38 43
 2577 12 18 22 31 44 50
 2578 37 39 47 50 59 60
 2579  5 10 26 35 38 44
 2580  3  4 13 29 36 43
 2581 14 17 32 36 39 60
 2582 10 14 17 19 21 34
 2583  2 20 27 30 52 59
 2584  1  5 12 36 53 55
 2585 14 26 34 36 43 59
 2586 10 18 41 49 53 59
 2587  5 10 11 22 23 37
 2588  9 13 22 31 57 58
 2589  1 15 16 25 32 36
 2590  2 12 28 36 43 48
 2591 10 11 21 23 28 30
 2592 15 17 28 34 35 51
 2593 10 14 17 25 32 39
 2594  7 26 32 35 49 55
 2595  1 13 34 39 50 52
 2596 34 35 39 47 51 56
 2597 14 26 34 54 56 58
 2598  7 14 24 53 58 60
 2599 23 28 34 43 47 60
 2600  4 18 37 38 46 60
 2601  3  8 34 40 44 55
 2602 11 14 16 30 32 46
 2603  3  7 13 29 52 56
 2604 16 17 19 22 46 57
 2605  5 11 26 35 46 54
 2606  2 10 16 32 45 49
 2607  7 11 25 51 57 60
 2608  7 13 17 24 29 52
 2609  3 21 27 32 35 60
 2610 10 23 34 53 55 57
 2611  4 12 18 21 25 49
 2612 20 27 34 44 50 54
 2613 14 26 40 42 46 52
 2614  3  8 13 14 19 25
 2615  5  7 22 23 41 59
 2616  6 16 23 35 38 49
 2617  3 14 36 42 43 44
 2618  6 17 29 35 45 48
 2619  5 36 39 41 44 50
 2620  4  6 13 21 26 28
 2621  6  9 14 16 42 47
 2622  9 19 22 24 50 60
 2623 10 15 20 35 37 59
 2624  5 31 37 47 52 58
 2625  9 10 35 44 55 58
 2626  1  9 13 16 52 59
 2627 13 25 31 43 57 58
 2628  5 14 32 40 53 54
 2629 11 32 35 40 41 48
 2630 14 18 22 26 31 38
 2631 14 26 36 39 50 53
 2632  5 10 27 38 56 57
 2633  2 23 25 33 45 54
 2634  8 27 28 32 48 56
 2635  6 11 29 37 56 58
 2636  5 16 38 42 43 48
 2637  1  2 10 32 34 59
 2638  9 30 34 44 54 55
 2639  2  8 11 22 48 49
 2640  4  8 10 27 28 32
 2641  9 24 34 39 45 50
 2642  8 13 31 33 49 50
 2643  2 10 29 31 56 59
 2644  4 17 22 28 30 49
 2645  8 22 34 42 51 59
 2646 18 28 30 39 41 58
 2647  9 33 39 43 50 54
 2648 20 44 45 46 56 59
 2649  6 11 26 32 46 56
 2650  9 18 29 37 39 58
 2651  6 23 35 36 37 59
 2652 13 23 26 29 45 59
 2653 14 32 41 43 48 60
 2654 11 17 23 36 47 51
 2655 10 23 30 31 49 56
 2656 20 24 27 46 57 58
 2657  7 27 32 33 36 53
 2658  5 13 39 51 58 60
 2659 11 36 46 53 55 60
 2660  6 12 13 20 38 60
 2661  6 30 35 38 41 56
 2662 17 20 31 34 40 42
 2663  7 11 27 41 56 59
 2664 12 15 17 30 40 52
 2665  3 14 21 22 37 39
 2666  5 25 29 30 43 47
 2667  1  4  8 21 46 51
 2668  1 27 30 41 46 57
 2669  4  7 16 35 46 54
 2670 21 24 33 41 48 56
 2671 16 19 43 53 57 58
 2672 10 13 20 40 43 56
 2673  4 27 35 45 52 56
 2674  8 14 15 21 23 46
 2675  1 26 31 34 42 45
 2676  4  6 14 19 22 29
 2677  3  7 32 34 42 54
 2678 10 13 16 18 37 54
 2679  7 18 20 26 38 51
 2680  3 11 42 45 46 57
 2681 10 20 30 42 47 53
 2682  4 17 29 30 52 58
 2683  1  3 23 27 47 57
 2684 17 26 45 46 48 53
 2685  9 16 31 46 47 51
 2686  6 12 20 41 43 59
 2687  2  4 24 30 34 50
 2688 12 17 33 41 46 54
 2689  9 16 20 47 48 52
 2690  9 28 33 43 45 55
 2691 13 15 28 37 40 57
 2692  9 33 45 55 56 59
 2693 11 29 44 45 46 50
 2694  7 20 22 29 41 58
 2695 15 17 32 33 34 40
 2696  4 13 18 39 55 59
 2697 10 11 13 25 27 42
 2698  2 18 19 35 45 60
 2699  9 23 31 49 54 58
 2700  1 11 19 20 28 48
 2701  6 15 18 31 32 47
 2702  6 13 20 34 40 46
 2703  3  7 11 35 38 56
 2704  3  7 10 25 31 52
 2705  2 16 22 27 35 47
 2706 10 11 17 24 30 45
 2707  7  9 11 39 54 57
 2708 10 11 12 19 23 28
 2709 12 22 23 24 47 53
 2710  5  6 25 42 44 50
 2711 14 36 38 46 55 60
 2712  7 15 19 35 40 42
 2713  9 23 25 26 35 58
 2714 16 17 42 45 52 57
 2715  7 19 25 46 50 53
 2716  5 20 27 28 48 49
 2717  6 22 34 36 44 50
 2718  6 30 34 41 46 59
 2719 16 25 27 30 42 48
 2720  8 15 16 23 42 43
 2721  9 10 11 25 46 48
 2722 19 23 25 36 44 46
 2723  6 12 19 28 50 60
 2724 11 21 24 26 42 54
 2725  2 10 32 33 38 47
 2726 27 45 49 53 55 59
 2727  4 32 39 48 51 57
 2728  2  9 11 25 43 51
 2729 20 27 41 47 53 54
 2730  7 24 29 41 46 60
 2731  4 12 32 45 49 58
 2732  1  3 16 18 49 60
 2733 14 20 21 39 44 56
 2734 21 27 35 48 59 60
 2735  5 33 46 47 53 59
 2736 11 17 24 26 35 43
 2737 16 20 30 34 37 45
 2738  2 19 25 44 46 60
 2739 19 25 37 45 47 53
 2740 13 16 17 34 41 47
 2741  1 33 35 39 42 56
 2742  2 11 25 32 37 57
 2743 13 25 27 30 37 53
 2744 10 25 26 33 34 38
 2745  2  5  7 11 52 57
 2746 22 27 30 43 51 56
 2747 14 17 24 28 36 45
 2748 19 32 43 46 50 52
 2749  8 25 27 38 43 44
 2750  7 11 12 19 36 52
 2751  4 13 18 42 52 53
 2752  4 15 24 40 44 47
 2753  6 26 31 46 52 55
 2754 10 14 44 55 56 58
 2755  7 13 17 33 41 58
 2756  1  6 13 18 43 46
 2757  1 21 37 40 51 54
 2758 19 35 36 37 41 60
 2759  3 10 38 40 48 59
 2760  8 11 19 39 47 48
 2761  3 22 34 44 49 57
 2762  1 17 30 40 48 50
 2763 15 16 19 43 44 49
 2764 20 31 34 38 42 51
 2765  8 12 34 39 43 47
 2766  9 10 34 36 38 44
 2767 14 21 42 47 50 59
 2768  2 12 18 28 32 33
 2769 10 16 35 46 49 60
 2770 21 28 37 44 50 60
 2771  7 13 14 33 38 50
 2772  1 12 33 41 53 56
 2773 19 23 32 34 38 57
 2774  6 16 22 24 38 50
 2775  1  4 14 26 44 51
 2776  5 17 22 37 51 52
 2777  2 13 21 38 42 52
 2778 20 33 34 40 43 57
 2779 14 19 32 44 51 54
 2780  7  9 10 14 46 53
 2781 10 31 35 45 50 55
 2782  6 11 16 25 28 45
 2783  7 30 38 39 43 54
 2784 27 30 35 44 57 59
 2785 20 27 48 50 57 59
 2786  6 11 17 20 40 51
 2787  8 10 23 34 36 50
 2788 23 37 39 47 52 56
 2789  3 17 18 19 20 55
 2790 29 32 40 42 49 58
 2791  2  3 11 25 37 43
